0, -0.061591263860464096, -0.15401361882686615, 0.624250054359436
1, 0.023687351495027542, -0.01139305904507637, 0.733500063419342
2, -0.13034209609031677, 0.008328123949468136, 0.843000054359436
3, -0.2330755591392517, 0.2372039407491684, 0.8877500295639038
4, NaN, NaN, NaN
5, 0.16460470855236053, -0.04762149229645729, 0.6697500348091125
6, 0.24441580474376678, 0.19314348697662354, 0.5955000519752502
7, NaN, NaN, NaN
8, NaN, NaN, NaN
9, NaN, NaN, NaN
10, NaN, NaN, NaN
11, NaN, NaN, NaN
12, NaN, NaN, NaN
13, NaN, NaN, NaN
14, -0.07942010462284088, -0.18704907596111298, 0.643500030040741
15, -0.026919236406683922, -0.19376052916049957, 0.64000004529953
16, NaN, NaN, NaN
17, 0.04630918428301811, -0.20223407447338104, 0.7275000214576721
0, -0.061522625386714935, -0.14969080686569214, 0.6237500309944153
1, 0.023703496903181076, -0.011400824412703514, 0.734000027179718
2, -0.13483986258506775, 0.008319435641169548, 0.8417500257492065
3, -0.229203000664711, 0.2332627922296524, 0.8730000257492065
4, -0.1470375955104828, 0.21967533230781555, 0.6170000433921814
5, 0.16528058052062988, -0.04781702533364296, 0.6725000143051147
6, 0.24507522583007812, 0.19831831753253937, 0.5892500281333923
7, NaN, NaN, NaN
8, NaN, NaN, NaN
9, NaN, NaN, NaN
10, NaN, NaN, NaN
11, NaN, NaN, NaN
12, NaN, NaN, NaN
13, NaN, NaN, NaN
14, -0.07910248637199402, -0.19057615101337433, 0.6407500505447388
15, -0.023117946460843086, -0.19178506731987, 0.6335000395774841
16, NaN, NaN, NaN
17, 0.04605456441640854, -0.20112213492393494, 0.7235000133514404
0, -0.057562440633773804, -0.15021193027496338, 0.6260000467300415
1, 0.02858966775238514, -0.011412803083658218, 0.7347500324249268
2, -0.1303807497024536, 0.008330592885613441, 0.843250036239624
3, -0.231565922498703, 0.23566755652427673, 0.8820000290870667
4, -0.15222083032131195, 0.2274191528558731, 0.6387500166893005
5, 0.16905702650547028, -0.04782702773809433, 0.6725000143051147
6, 0.24919918179512024, 0.19846117496490479, 0.5897500514984131
7, NaN, NaN, NaN
8, NaN, NaN, NaN
9, NaN, NaN, NaN
10, NaN, NaN, NaN
11, NaN, NaN, NaN
12, NaN, NaN, NaN
13, NaN, NaN, NaN
14, -0.08102455735206604, -0.1908278465270996, 0.6565000414848328
15, -0.023227421566843987, -0.19269327819347382, 0.6365000009536743
16, NaN, NaN, NaN
17, 0.04630918428301811, -0.20223407447338104, 0.7275000214576721
0, -0.05689094215631485, -0.15257632732391357, 0.6185000538825989
1, 0.023711903020739555, -0.015451154671609402, 0.734250009059906
2, -0.13022613525390625, 0.008320714347064495, 0.8422500491142273
3, -0.2316972017288208, 0.23580116033554077, 0.8825000524520874
4, -0.15397696197032928, 0.22476260364055634, 0.6312500238418579
5, 0.1686170995235443, -0.047702573239803314, 0.6707500219345093
6, 0.2500656843185425, 0.19584134221076965, 0.5917500257492065
7, NaN, NaN, NaN
8, NaN, NaN, NaN
9, NaN, NaN, NaN
10, NaN, NaN, NaN
11, NaN, NaN, NaN
12, NaN, NaN, NaN
13, NaN, NaN, NaN
14, -0.08138636499643326, -0.19607853889465332, 0.659250020980835
15, -0.01881788671016693, -0.19528602063655853, 0.6310000419616699
16, NaN, NaN, NaN
17, 0.04659563675522804, -0.20348501205444336, 0.7320000529289246
0, -0.057189881801605225, -0.15337806940078735, 0.6217500567436218
1, 0.02858966775238514, -0.011412803083658218, 0.7347500324249268
2, -0.13068997859954834, 0.008350350894033909, 0.8452500104904175
3, -0.2345852106809616, 0.23874032497406006, 0.893500030040741
4, -0.1458664983510971, 0.21292363107204437, 0.5980000495910645
5, 0.16892178356647491, -0.04405719414353371, 0.6720000505447388
6, 0.24601103365421295, 0.1990755796432495, 0.5915000438690186
7, NaN, NaN, NaN
8, NaN, NaN, NaN
9, NaN, NaN, NaN
10, NaN, NaN, NaN
11, NaN, NaN, NaN
12, NaN, NaN, NaN
13, NaN, NaN, NaN
14, -0.07537692785263062, -0.19018663465976715, 0.6395000219345093
15, -0.0190639216452837, -0.19783927500247955, 0.6392500400543213
16, NaN, NaN, NaN
17, 0.05139537155628204, -0.20314957201480865, 0.7307500243186951
0, -0.0570978969335556, -0.153131365776062, 0.6207500100135803
1, 0.023711569607257843, -0.01140470802783966, 0.734250009059906
2, -0.13011017441749573, 0.008313304744660854, 0.8415000438690186
3, -0.22775901854038239, 0.23179322481155396, 0.8675000667572021
4, NaN, NaN, NaN
5, 0.16855426132678986, -0.047684796154499054, 0.6705000400543213
6, 0.24497126042842865, 0.1982341706752777, 0.5890000462532043
7, NaN, NaN, NaN
8, NaN, NaN, NaN
9, NaN, NaN, NaN
10, NaN, NaN, NaN
11, NaN, NaN, NaN
12, NaN, NaN, NaN
13, NaN, NaN, NaN
14, -0.0800592452287674, -0.19288119673728943, 0.6485000252723694
15, -0.019019152969121933, -0.19313926994800568, 0.6380000114440918
16, NaN, NaN, NaN
17, 0.051026128232479095, -0.20169007778167725, 0.7255000472068787
0, -0.057746343314647675, -0.15069183707237244, 0.628000020980835
1, 0.023728052154183388, -0.015461676754057407, 0.7347500324249268
2, -0.1304580569267273, 0.008335532620549202, 0.8437500596046448
3, -0.2351416051387787, 0.23430030047893524, 0.8957500457763672
4, -0.1421622335910797, 0.22251945734024048, 0.5826250314712524
5, 0.16949693858623505, -0.047951485961675644, 0.6742500066757202
6, 0.24675872921943665, 0.19636183977127075, 0.593250036239624
7, NaN, NaN, NaN
8, NaN, NaN, NaN
9, NaN, NaN, NaN
10, NaN, NaN, NaN
11, NaN, NaN, NaN
12, NaN, NaN, NaN
13, NaN, NaN, NaN
14, -0.07779323309659958, -0.19628331065177917, 0.6600000262260437
15, -0.01897445321083069, -0.1969108134508133, 0.6362500190734863
16, NaN, NaN, NaN
17, 0.05126722902059555, -0.2075122892856598, 0.7287500500679016
0, -0.057240601629018784, -0.14937207102775574, 0.6225000023841858
1, 0.028638307005167007, -0.011432219296693802, 0.7360000610351562
2, -0.13080593943595886, 0.00835776049643755, 0.8460000157356262
3, -0.2277592569589615, 0.23683592677116394, 0.8865000605583191
4, -0.14325855672359467, 0.21306096017360687, 0.5872500538825989
5, 0.17365558445453644, -0.047856710851192474, 0.6727500557899475
6, 0.24952097237110138, 0.18715068697929382, 0.5997500419616699
7, NaN, NaN, NaN
8, NaN, NaN, NaN
9, NaN, NaN, NaN
10, NaN, NaN, NaN
11, NaN, NaN, NaN
12, NaN, NaN, NaN
13, NaN, NaN, NaN
14, -0.07455185800790787, -0.18810485303401947, 0.6325000524520874
15, -0.019004249945282936, -0.19298791885375977, 0.6375000476837158
16, NaN, NaN, NaN
17, 0.05091547966003418, -0.20608852803707123, 0.7237500548362732
0, -0.05744749680161476, -0.14991198480129242, 0.624750018119812
1, 0.028677215799689293, -0.011447751894593239, 0.737000048160553
2, -0.13072510063648224, 0.002740807132795453, 0.8455000519752502
3, -0.23016506433486938, 0.23433071374893188, 0.8960000276565552
4, -0.14677466452121735, 0.21243909001350403, 0.5855000019073486
5, 0.1700625717639923, -0.04811150208115578, 0.6765000224113464
6, 0.2501499056816101, 0.19921831786632538, 0.5920000076293945
7, NaN, NaN, NaN
8, NaN, NaN, NaN
9, NaN, NaN, NaN
10, NaN, NaN, NaN
11, NaN, NaN, NaN
12, NaN, NaN, NaN
13, NaN, NaN, NaN
14, -0.08215794712305069, -0.19793745875358582, 0.6655000448226929
15, -0.019086288288235664, -0.1980714052915573, 0.64000004529953
16, NaN, NaN, NaN
17, 0.050722017884254456, -0.20530545711517334, 0.7210000157356262
0, -0.05763140320777893, -0.15039189159870148, 0.6267500519752502
1, 0.028706399723887444, -0.011459401808679104, 0.7377500534057617
2, -0.1250748187303543, 0.0027381156105548143, 0.8455000519752502
3, -0.2351759374141693, 0.23934152722358704, 0.8957500457763672
4, -0.1420402228832245, 0.22232848405838013, 0.5821250081062317
5, 0.1695598065853119, -0.0479692667722702, 0.674500048160553
6, 0.24972735345363617, 0.19888180494308472, 0.5910000205039978
7, NaN, NaN, NaN
8, NaN, NaN, NaN
9, NaN, NaN, NaN
10, NaN, NaN, NaN
11, NaN, NaN, NaN
12, NaN, NaN, NaN
13, NaN, NaN, NaN
14, -0.08107773214578629, -0.19533497095108032, 0.6567500233650208
15, -0.019131021574139595, -0.19853563606739044, 0.6415000557899475
16, NaN, NaN, NaN
17, 0.05052855610847473, -0.20452238619327545, 0.718250036239624
0, -0.062114425003528595, -0.15113070607185364, 0.6297500133514404
1, 0.02864803373813629, -0.011436101980507374, 0.7362500429153442
2, -0.12533369660377502, 0.002743782941251993, 0.8472500443458557
3, -0.22596082091331482, 0.23496581614017487, 0.8795000314712524
4, -0.15233047306537628, 0.22235919535160065, 0.624500036239624
5, 0.16949693858623505, -0.047951485961675644, 0.6742500066757202
6, 0.24632297456264496, 0.1993280053138733, 0.5922500491142273
7, NaN, NaN, NaN
8, NaN, NaN, NaN
9, NaN, NaN, NaN
10, NaN, NaN, NaN
11, NaN, NaN, NaN
12, NaN, NaN, NaN
13, NaN, NaN, NaN
14, -0.0802752822637558, -0.19340169429779053, 0.6502500176429749
15, -0.023245669901371002, -0.19284465909004211, 0.6370000243186951
16, NaN, NaN, NaN
17, 0.051412951201200485, -0.20321907103061676, 0.7310000061988831
0, -0.061843182891607285, -0.15047074854373932, 0.6270000338554382
1, 0.02872585318982601, -0.011467167176306248, 0.7382500171661377
2, -0.12533369660377502, 0.002743782941251993, 0.8472500443458557
3, -0.2291080802679062, 0.23823849856853485, 0.8917500376701355
4, -0.14889192581176758, 0.21151411533355713, 0.5940000414848328
5, 0.1735910326242447, -0.04783892259001732, 0.6725000143051147
6, 0.24707068502902985, 0.19661007821559906, 0.5940000414848328
7, NaN, NaN, NaN
8, NaN, NaN, NaN
9, NaN, NaN, NaN
10, NaN, NaN, NaN
11, NaN, NaN, NaN
12, NaN, NaN, NaN
13, NaN, NaN, NaN
14, -0.08114797621965408, -0.191118523478508, 0.6575000286102295
15, -0.023647084832191467, -0.1961747705936432, 0.6480000019073486
16, NaN, NaN, NaN
17, 0.05100341513752937, -0.20644445717334747, 0.7250000238418579
0, -0.061818525195121765, -0.1504107564687729, 0.6267500519752502
1, 0.028755037114024162, -0.011478817090392113, 0.7390000224113464
2, -0.12463102489709854, 0.0027284000534564257, 0.8425000309944153
3, -0.22756657004356384, 0.23663555085659027, 0.8857500553131104
4, -0.14246724545955658, 0.22299687564373016, 0.5838750600814819
5, 0.16937126219272614, -0.047915928065776825, 0.6737500429153442
6, 0.24748662114143372, 0.196941077709198, 0.5950000286102295
7, NaN, NaN, NaN
8, NaN, NaN, NaN
9, NaN, NaN, NaN
10, NaN, NaN, NaN
11, NaN, NaN, NaN
12, NaN, NaN, NaN
13, NaN, NaN, NaN
14, -0.07956542819738388, -0.19169148802757263, 0.6445000171661377
15, -0.023838670924305916, -0.19776415824890137, 0.6532500386238098
16, NaN, NaN, NaN
17, 0.051214467734098434, -0.20729871094226837, 0.7280000448226929
0, -0.06169523298740387, -0.15011078119277954, 0.6255000233650208
1, 0.028697095811367035, -0.015520131215453148, 0.737500011920929
2, -0.1308797150850296, 0.002744048833847046, 0.846500039100647
3, -0.22756657004356384, 0.23663555085659027, 0.8857500553131104
4, -0.1386851817369461, 0.21707700192928314, 0.5683749914169312
5, 0.16911987960338593, -0.04784481227397919, 0.6727500557899475
6, 0.2465309053659439, 0.19949626922607422, 0.5927500128746033
7, NaN, NaN, NaN
8, NaN, NaN, NaN
9, NaN, NaN, NaN
10, NaN, NaN, NaN
11, NaN, NaN, NaN
12, NaN, NaN, NaN
13, NaN, NaN, NaN
14, -0.08154908567667007, -0.19206321239471436, 0.6607500314712524
15, -0.02342813089489937, -0.19435834884643555, 0.6420000195503235
16, NaN, NaN, NaN
17, 0.04562002792954445, -0.20401252806186676, 0.7165000438690186
0, -0.06213908642530441, -0.15119071304798126, 0.6300000548362732
1, 0.028686944395303726, -0.01145163457840681, 0.737250030040741
2, -0.1248159408569336, 0.0027324482798576355, 0.8437500596046448
3, -0.22933019697666168, 0.23348073661327362, 0.8927500247955322
4, NaN, NaN, NaN
5, 0.16860756278038025, -0.04397524148225784, 0.6707500219345093
6, 0.24632297456264496, 0.1993280053138733, 0.5922500491142273
7, NaN, NaN, NaN
8, NaN, NaN, NaN
9, NaN, NaN, NaN
10, NaN, NaN, NaN
11, NaN, NaN, NaN
12, NaN, NaN, NaN
13, NaN, NaN, NaN
14, -0.08179591596126556, -0.19264455139636993, 0.6627500057220459
15, -0.02320917695760727, -0.1925419121980667, 0.6360000371932983
16, NaN, NaN, NaN
17, 0.04574736952781677, -0.20458199083805084, 0.718500018119812
0, -0.06191715970635414, -0.1506507396697998, 0.627750039100647
1, 0.0288231298327446, -0.011505999602377415, 0.7407500147819519
2, -0.13064779341220856, 0.0027391863986849785, 0.8450000286102295
3, -0.23592914640903473, 0.23508501052856445, 0.8987500667572021
4, NaN, NaN, NaN
5, 0.1685447245836258, -0.04395885020494461, 0.6705000400543213
6, 0.250333696603775, 0.20334096252918243, 0.5925000309944153
7, NaN, NaN, NaN
8, NaN, NaN, NaN
9, NaN, NaN, NaN
10, NaN, NaN, NaN
11, NaN, NaN, NaN
12, NaN, NaN, NaN
13, NaN, NaN, NaN
14, -0.0827832743525505, -0.19496995210647583, 0.6707500219345093
15, -0.023227421566843987, -0.19269327819347382, 0.6365000009536743
16, NaN, NaN, NaN
17, 0.045556358993053436, -0.20372779667377472, 0.7155000567436218
0, -0.06167057529091835, -0.1500507891178131, 0.6252500414848328
1, 0.028755037114024162, -0.011478817090392113, 0.7390000224113464
2, -0.12511180341243744, 0.002738925162702799, 0.8457500338554382
3, -0.22390545904636383, 0.2328285425901413, 0.8715000152587891
4, -0.15616105496883392, 0.22184056043624878, 0.6230000257492065
5, 0.16904745995998383, -0.04408997297286987, 0.6725000143051147
6, 0.25131192803382874, 0.2001437544822693, 0.5947500467300415
7, NaN, NaN, NaN
8, NaN, NaN, NaN
9, NaN, NaN, NaN
10, NaN, NaN, NaN
11, NaN, NaN, NaN
12, NaN, NaN, NaN
13, NaN, NaN, NaN
14, -0.07993578910827637, -0.19258378446102142, 0.6475000381469727
15, -0.02368357963860035, -0.19647753238677979, 0.6490000486373901
16, NaN, NaN, NaN
17, 0.05116170272231102, -0.20708514750003815, 0.7272500395774841
0, -0.06189250200986862, -0.15059074759483337, 0.627500057220459
1, 0.028745310381054878, -0.01147493440657854, 0.7387500405311584
2, -0.13041940331459045, 0.008333062753081322, 0.843500018119812
3, -0.22743810713291168, 0.23650197684764862, 0.8852500319480896
4, -0.14441730082035065, 0.21478429436683655, 0.5920000076293945
5, 0.16962264478206635, -0.04798704758286476, 0.674750030040741
6, 0.2501499056816101, 0.19921831786632538, 0.5920000076293945
7, NaN, NaN, NaN
8, NaN, NaN, NaN
9, NaN, NaN, NaN
10, NaN, NaN, NaN
11, NaN, NaN, NaN
12, NaN, NaN, NaN
13, NaN, NaN, NaN
14, -0.07994464039802551, -0.18828444182872772, 0.6477500200271606
15, -0.02340988628566265, -0.19420698285102844, 0.6415000557899475
16, NaN, NaN, NaN
17, 0.051232051104307175, -0.20736989378929138, 0.7282500267028809
0, -0.06179386377334595, -0.15035074949264526, 0.6265000104904175
1, 0.028677215799689293, -0.011447751894593239, 0.737000048160553
2, -0.1308446079492569, 0.00836023036390543, 0.846250057220459
3, -0.22608928382396698, 0.23509939014911652, 0.8800000548362732
4, -0.14185722172260284, 0.2220420390367508, 0.581375002861023
5, 0.17423635721206665, -0.04801676422357559, 0.675000011920929
6, 0.2507837414741516, 0.19972309470176697, 0.593500018119812
7, NaN, NaN, NaN
8, NaN, NaN, NaN
9, NaN, NaN, NaN
10, NaN, NaN, NaN
11, NaN, NaN, NaN
12, NaN, NaN, NaN
13, NaN, NaN, NaN
14, -0.0801914781332016, -0.1888657957315445, 0.6497500538825989
15, -0.0234372541308403, -0.1944340169429779, 0.6422500014305115
16, NaN, NaN, NaN
17, 0.050968244671821594, -0.20630209147930145, 0.7245000600814819
0, -0.062114425003528595, -0.15113070607185364, 0.6297500133514404
1, 0.028716126456856728, -0.011463284492492676, 0.7380000352859497
2, -0.12503783404827118, 0.002737305825576186, 0.8452500104904175
3, -0.2266673594713211, 0.23570050299167633, 0.8822500705718994
4, NaN, NaN, NaN
5, 0.16949693858623505, -0.047951485961675644, 0.6742500066757202
6, 0.25046682357788086, 0.19947071373462677, 0.5927500128746033
7, NaN, NaN, NaN
8, NaN, NaN, NaN
9, NaN, NaN, NaN
10, NaN, NaN, NaN
11, NaN, NaN, NaN
12, NaN, NaN, NaN
13, NaN, NaN, NaN
14, -0.080500029027462, -0.18959248065948486, 0.6522500514984131
15, -0.02342813089489937, -0.19435834884643555, 0.6420000195503235
16, NaN, NaN, NaN
17, 0.05106129124760628, -0.20182906091213226, 0.7260000109672546
0, -0.05730956420302391, -0.14955204725265503, 0.6232500076293945
1, 0.028735583648085594, -0.011471051722764969, 0.7385000586509705
2, -0.12488990277051926, 0.0027340673841536045, 0.8442500233650208
3, -0.2253827452659607, 0.23436470329761505, 0.8772500157356262
4, NaN, NaN, NaN
5, 0.1687960922718048, -0.04402441158890724, 0.671500027179718
6, 0.2457776516675949, 0.20285356044769287, 0.5910000205039978
7, NaN, NaN, NaN
8, NaN, NaN, NaN
9, NaN, NaN, NaN
10, NaN, NaN, NaN
11, NaN, NaN, NaN
12, NaN, NaN, NaN
13, NaN, NaN, NaN
14, -0.08009891211986542, -0.1886477917432785, 0.6490000486373901
15, -0.02338251657783985, -0.19397993385791779, 0.6407500505447388
16, NaN, NaN, NaN
17, 0.05051097273826599, -0.20445120334625244, 0.718000054359436
0, -0.05767737701535225, -0.15051186084747314, 0.6272500157356262
1, 0.028735583648085594, -0.011471051722764969, 0.7385000586509705
2, -0.130574032664299, 0.008342942222952843, 0.8445000648498535
3, -0.22441929578781128, 0.23336286842823029, 0.8735000491142273
4, NaN, NaN, NaN
5, 0.17346197366714478, -0.0478033572435379, 0.6720000505447388
6, 0.24898789823055267, 0.19829289615154266, 0.5892500281333923
7, NaN, NaN, NaN
8, NaN, NaN, NaN
9, NaN, NaN, NaN
10, NaN, NaN, NaN
11, NaN, NaN, NaN
12, NaN, NaN, NaN
13, NaN, NaN, NaN
14, -0.08213532716035843, -0.1934439241886139, 0.6655000448226929
15, -0.023318655788898468, -0.19345013797283173, 0.6390000581741333
16, NaN, NaN, NaN
17, 0.05100341513752937, -0.20644445717334747, 0.7250000238418579
0, -0.05749347433447838, -0.15003196895122528, 0.6252500414848328
1, 0.028638731688261032, -0.015488565899431705, 0.7360000610351562
2, -0.13022613525390625, 0.008320714347064495, 0.8422500491142273
3, -0.2276950180530548, 0.23676912486553192, 0.8862500190734863
4, -0.14574453234672546, 0.21274559199810028, 0.5975000262260437
5, 0.16937126219272614, -0.047915928065776825, 0.6737500429153442
6, 0.2507837414741516, 0.19972309470176697, 0.593500018119812
7, NaN, NaN, NaN
8, NaN, NaN, NaN
9, NaN, NaN, NaN
10, NaN, NaN, NaN
11, NaN, NaN, NaN
12, NaN, NaN, NaN
13, NaN, NaN, NaN
14, -0.0812096819281578, -0.1912638545036316, 0.6580000519752502
15, -0.01923528127372265, -0.1953340321779251, 0.6452500224113464
16, NaN, NaN, NaN
17, 0.050955794751644135, -0.20141206681728363, 0.7245000600814819
0, -0.057608410716056824, -0.15033189952373505, 0.6265000104904175
1, 0.02858966775238514, -0.011412803083658218, 0.7347500324249268
2, -0.12991689145565033, 0.008300955407321453, 0.8402500152587891
3, -0.23061460256576538, 0.23478838801383972, 0.8977500200271606
4, -0.14945591986179352, 0.21231530606746674, 0.596250057220459
5, 0.16880564391613007, -0.04775591194629669, 0.671500027179718
6, 0.24432212114334106, 0.20165222883224487, 0.5875000357627869
7, NaN, NaN, NaN
8, NaN, NaN, NaN
9, NaN, NaN, NaN
10, NaN, NaN, NaN
11, NaN, NaN, NaN
12, NaN, NaN, NaN
13, NaN, NaN, NaN
14, -0.0807468593120575, -0.19017381966114044, 0.6542500257492065
15, -0.02376568503677845, -0.19715867936611176, 0.6512500047683716
16, NaN, NaN, NaN
17, 0.05083271116018295, -0.2009255588054657, 0.7227500081062317
0, -0.061547279357910156, -0.14975079894065857, 0.6240000128746033
1, 0.028716126456856728, -0.011463284492492676, 0.7380000352859497
2, -0.13014882802963257, 0.008315774612128735, 0.8417500257492065
3, -0.22730965912342072, 0.23636840283870697, 0.8847500681877136
4, -0.15226949751377106, 0.2222701907157898, 0.624250054359436
5, 0.172816663980484, -0.04762551933526993, 0.6695000529289246
6, 0.24705931544303894, 0.20068123936653137, 0.5847500562667847
7, NaN, NaN, NaN
8, NaN, NaN, NaN
9, NaN, NaN, NaN
10, NaN, NaN, NaN
11, NaN, NaN, NaN
12, NaN, NaN, NaN
13, NaN, NaN, NaN
14, -0.08111712336540222, -0.1910458505153656, 0.6572500467300415
15, -0.02362884022295475, -0.19602341949939728, 0.6475000381469727
16, NaN, NaN, NaN
17, 0.051460687071084976, -0.20829534530639648, 0.7315000295639038
0, -0.057378530502319336, -0.14973200857639313, 0.6240000128746033
1, 0.023784231394529343, -0.011439655907452106, 0.7365000247955322
2, -0.13030344247817993, 0.008325653150677681, 0.8427500128746033
3, -0.22583237290382385, 0.23483224213123322, 0.8790000677108765
4, -0.1425282508134842, 0.22309234738349915, 0.5841250419616699
5, 0.16924555599689484, -0.047880370169878006, 0.6732500195503235
6, 0.25080522894859314, 0.19642050564289093, 0.593500018119812
7, NaN, NaN, NaN
8, NaN, NaN, NaN
9, NaN, NaN, NaN
10, NaN, NaN, NaN
11, NaN, NaN, NaN
12, NaN, NaN, NaN
13, NaN, NaN, NaN
14, -0.08299925178289413, -0.1954786330461502, 0.6725000143051147
15, -0.01903405971825123, -0.19329063594341278, 0.6385000348091125
16, NaN, NaN, NaN
17, 0.05100854113698006, -0.20162056386470795, 0.7252500057220459
0, -0.05751645937561989, -0.15009194612503052, 0.6255000233650208
1, 0.028638307005167007, -0.011432219296693802, 0.7360000610351562
2, -0.13022613525390625, 0.008320714347064495, 0.8422500491142273
3, -0.2307782918214798, 0.2348659783601761, 0.8790000677108765
4, -0.14051522314548492, 0.21994146704673767, 0.5758750438690186
5, 0.1686170995235443, -0.047702573239803314, 0.6707500219345093
6, 0.24985438585281372, 0.19567586481571198, 0.5912500023841858
7, NaN, NaN, NaN
8, NaN, NaN, NaN
9, NaN, NaN, NaN
10, NaN, NaN, NaN
11, NaN, NaN, NaN
12, NaN, NaN, NaN
13, NaN, NaN, NaN
14, -0.08136395364999771, -0.19162718951702118, 0.659250020980835
15, -0.019354524090886116, -0.19654494524002075, 0.6492500305175781
16, NaN, NaN, NaN
17, 0.05114920809864998, -0.20217657089233398, 0.7272500395774841
0, -0.057056695222854614, -0.14889217913150787, 0.6205000281333923
1, 0.023687684908509254, -0.015435373410582542, 0.733500063419342
2, -0.1304158717393875, 0.0027343237306922674, 0.843500018119812
3, -0.23080725967884064, 0.23498453199863434, 0.8985000252723694
4, NaN, NaN, NaN
5, 0.1686170995235443, -0.047702573239803314, 0.6707500219345093
6, 0.2536478042602539, 0.19885434210300446, 0.5910000205039978
7, NaN, NaN, NaN
8, NaN, NaN, NaN
9, NaN, NaN, NaN
10, NaN, NaN, NaN
11, NaN, NaN, NaN
12, NaN, NaN, NaN
13, NaN, NaN, NaN
14, -0.08046916872262955, -0.18951980769634247, 0.6520000100135803
15, -0.01898934319615364, -0.19283655285835266, 0.6370000243186951
16, NaN, NaN, NaN
17, 0.05139537155628204, -0.20314957201480865, 0.7307500243186951
0, -0.05795323848724365, -0.15123173594474792, 0.6302500367164612
1, 0.028579939156770706, -0.011408919468522072, 0.7345000505447388
2, -0.13014882802963257, 0.008315774612128735, 0.8417500257492065
3, -0.2314346581697464, 0.2355339676141739, 0.8815000653266907
4, -0.1534891128540039, 0.22405049204826355, 0.6292500495910645
5, 0.1694341003894806, -0.047933708876371384, 0.6740000247955322
6, 0.24582284688949585, 0.19561709463596344, 0.5910000205039978
7, NaN, NaN, NaN
8, NaN, NaN, NaN
9, NaN, NaN, NaN
10, NaN, NaN, NaN
11, NaN, NaN, NaN
12, NaN, NaN, NaN
13, NaN, NaN, NaN
14, -0.08083942532539368, -0.19039182364940643, 0.6550000309944153
15, -0.01916075497865677, -0.19457721710205078, 0.6427500247955322
16, NaN, NaN, NaN
17, 0.05106129124760628, -0.20182906091213226, 0.7260000109672546
0, -0.05726359039545059, -0.14943207800388336, 0.6227500438690186
1, 0.028531724587082863, -0.0154306935146451, 0.7332500219345093
2, -0.1302647888660431, 0.008323184214532375, 0.8425000309944153
3, -0.22647465765476227, 0.23550014197826385, 0.8815000653266907
4, NaN, NaN, NaN
5, 0.1696854829788208, -0.04800482466816902, 0.675000011920929
6, 0.24845969676971436, 0.19787225127220154, 0.5879999995231628
7, NaN, NaN, NaN
8, NaN, NaN, NaN
9, NaN, NaN, NaN
10, NaN, NaN, NaN
11, NaN, NaN, NaN
12, NaN, NaN, NaN
13, NaN, NaN, NaN
14, -0.07858703285455704, -0.18508702516555786, 0.6367500424385071
15, -0.019168205559253693, -0.19465290009975433, 0.6430000066757202
16, NaN, NaN, NaN
17, 0.05127228796482086, -0.20266306400299072, 0.7290000319480896
0, -0.057562440633773804, -0.15021193027496338, 0.6260000467300415
1, 0.028570210561156273, -0.011405035853385925, 0.734250009059906
2, -0.13030344247817993, 0.008325653150677681, 0.8427500128746033
3, -0.2264104187488556, 0.23543334007263184, 0.8812500238418579
4, NaN, NaN, NaN
5, 0.16886848211288452, -0.04777368903160095, 0.671750009059906
6, 0.24462100863456726, 0.19330564141273499, 0.5960000157356262
7, NaN, NaN, NaN
8, NaN, NaN, NaN
9, NaN, NaN, NaN
10, NaN, NaN, NaN
11, NaN, NaN, NaN
12, NaN, NaN, NaN
13, NaN, NaN, NaN
14, -0.07994464039802551, -0.18828444182872772, 0.6477500200271606
15, -0.019220376387238503, -0.1951826810836792, 0.6447500586509705
16, NaN, NaN, NaN
17, 0.05109645798802376, -0.20196807384490967, 0.7265000343322754
0, -0.05749347433447838, -0.15003196895122528, 0.6252500414848328
1, 0.02856048382818699, -0.011401153169572353, 0.734000027179718
2, -0.1304580569267273, 0.008335532620549202, 0.8437500596046448
3, -0.22653889656066895, 0.23556692898273468, 0.8817500472068787
4, -0.14353474974632263, 0.22466778755187988, 0.5882500410079956
5, 0.16880564391613007, -0.04775591194629669, 0.671500027179718
6, 0.24540691077709198, 0.1952861100435257, 0.5900000333786011
7, NaN, NaN, NaN
8, NaN, NaN, NaN
9, NaN, NaN, NaN
10, NaN, NaN, NaN
11, NaN, NaN, NaN
12, NaN, NaN, NaN
13, NaN, NaN, NaN
14, -0.08012976497411728, -0.1887204498052597, 0.6492500305175781
15, -0.018944626674056053, -0.19238245487213135, 0.6355000138282776
16, NaN, NaN, NaN
17, 0.050885461270809174, -0.20113405585289001, 0.7235000133514404
0, -0.05740152299404144, -0.14979201555252075, 0.624250054359436
1, 0.028609123080968857, -0.011420569382607937, 0.7352500557899475
2, -0.13014529645442963, 0.0027286510448902845, 0.8417500257492065
3, -0.22660312056541443, 0.2356337010860443, 0.8820000290870667
4, NaN, NaN, NaN
5, 0.16874279081821442, -0.04773813486099243, 0.67125004529953
6, 0.2487766146659851, 0.19812463223934174, 0.5887500047683716
7, NaN, NaN, NaN
8, NaN, NaN, NaN
9, NaN, NaN, NaN
10, NaN, NaN, NaN
11, NaN, NaN, NaN
12, NaN, NaN, NaN
13, NaN, NaN, NaN
14, -0.0824747234582901, -0.19424326717853546, 0.6682500243186951
15, -0.019004249945282936, -0.19298791885375977, 0.6375000476837158
16, NaN, NaN, NaN
17, 0.050955794751644135, -0.20141206681728363, 0.7245000600814819
0, -0.05747048184275627, -0.14997196197509766, 0.625
1, 0.028502117842435837, -0.011377853341400623, 0.7325000166893005
2, -0.13072510063648224, 0.002740807132795453, 0.8455000519752502
3, -0.22422660887241364, 0.23316249251365662, 0.8727500438690186
4, -0.1619044989347458, 0.23633454740047455, 0.6637500524520874
5, 0.16930842399597168, -0.047898150980472565, 0.6735000610351562
6, 0.24497126042842865, 0.1982341706752777, 0.5890000462532043
7, NaN, NaN, NaN
8, NaN, NaN, NaN
9, NaN, NaN, NaN
10, NaN, NaN, NaN
11, NaN, NaN, NaN
12, NaN, NaN, NaN
13, NaN, NaN, NaN
14, -0.08228959888219833, -0.19380725920200348, 0.6667500138282776
15, -0.01898934319615364, -0.19283655285835266, 0.6370000243186951
16, NaN, NaN, NaN
17, 0.04573628678917885, -0.1997322142124176, 0.718500018119812
0, -0.05749347433447838, -0.15003196895122528, 0.6252500414848328
1, 0.023711569607257843, -0.01140470802783966, 0.734250009059906
2, -0.13006800413131714, 0.00272703031077981, 0.8412500619888306
3, -0.22647465765476227, 0.23550014197826385, 0.8815000653266907
4, -0.14023534953594208, 0.22465981543064117, 0.5882500410079956
5, 0.16830287873744965, -0.04761367663741112, 0.6695000529289246
6, 0.24540691077709198, 0.1952861100435257, 0.5900000333786011
7, NaN, NaN, NaN
8, NaN, NaN, NaN
9, NaN, NaN, NaN
10, NaN, NaN, NaN
11, NaN, NaN, NaN
12, NaN, NaN, NaN
13, NaN, NaN, NaN
14, -0.08065429329872131, -0.18995581567287445, 0.6535000205039978
15, -0.019369428977370262, -0.19669631123542786, 0.6497500538825989
16, NaN, NaN, NaN
17, 0.05076237767934799, -0.20064756274223328, 0.721750020980835
0, -0.057355545461177826, -0.1496720314025879, 0.6237500309944153
1, 0.019610032439231873, -0.01540868915617466, 0.7322500348091125
2, -0.1302226036787033, 0.002730271779000759, 0.8422500491142273
3, -0.2257038950920105, 0.23469865322113037, 0.8785000443458557
4, NaN, NaN, NaN
5, 0.1686170995235443, -0.047702573239803314, 0.6707500219345093
6, 0.2421196699142456, 0.19859042763710022, 0.5900000333786011
7, NaN, NaN, NaN
8, NaN, NaN, NaN
9, NaN, NaN, NaN
10, NaN, NaN, NaN
11, NaN, NaN, NaN
12, NaN, NaN, NaN
13, NaN, NaN, NaN
14, -0.08031489700078964, -0.18915647268295288, 0.6507500410079956
15, -0.023592347279191017, -0.19572067260742188, 0.6465000510215759
16, NaN, NaN, NaN
17, 0.05054614320397377, -0.20459356904029846, 0.718500018119812
0, -0.061596598476171494, -0.14987079799175262, 0.624500036239624
1, 0.023703496903181076, -0.011400824412703514, 0.734000027179718
2, -0.13033856451511383, 0.0027327032294124365, 0.843000054359436
3, -0.22679580748081207, 0.23583407700061798, 0.8827500343322754
4, NaN, NaN, NaN
5, 0.16899417340755463, -0.04780925065279007, 0.6722500324249268
6, 0.2487979233264923, 0.19484847784042358, 0.5887500047683716
7, NaN, NaN, NaN
8, NaN, NaN, NaN
9, NaN, NaN, NaN
10, NaN, NaN, NaN
11, NaN, NaN, NaN
12, NaN, NaN, NaN
13, NaN, NaN, NaN
14, -0.08148737251758575, -0.19191786646842957, 0.6602500081062317
15, -0.022898992523550987, -0.18996864557266235, 0.627500057220459
16, NaN, NaN, NaN
17, 0.05086787790060043, -0.2010645568370819, 0.7232500314712524
0, -0.05749347433447838, -0.15003196895122528, 0.6252500414848328
1, 0.023655056953430176, -0.011377525515854359, 0.7325000166893005
2, -0.1300293356180191, 0.002726219827309251, 0.8410000205039978
3, -0.2290438562631607, 0.23817171156406403, 0.8915000557899475
4, -0.1479545533657074, 0.2200450599193573, 0.6065000295639038
5, 0.16893133521080017, -0.04779147356748581, 0.6720000505447388
6, 0.24856534600257874, 0.197956383228302, 0.5882500410079956
7, NaN, NaN, NaN
8, NaN, NaN, NaN
9, NaN, NaN, NaN
10, NaN, NaN, NaN
11, NaN, NaN, NaN
12, NaN, NaN, NaN
13, NaN, NaN, NaN
14, -0.07997548580169678, -0.18835709989070892, 0.6480000019073486
15, -0.023273037746548653, -0.19307170808315277, 0.6377500295639038
16, NaN, NaN, NaN
17, 0.04632510244846344, -0.20230358839035034, 0.7277500629425049
0, -0.05747048184275627, -0.14997196197509766, 0.625
1, 0.023687684908509254, -0.015435373410582542, 0.733500063419342
2, -0.13014529645442963, 0.0027286510448902845, 0.8417500257492065
3, -0.22686003148555756, 0.2359008640050888, 0.8830000162124634
4, -0.13880497217178345, 0.22236832976341248, 0.5822499990463257
5, 0.1681143343448639, -0.04756033793091774, 0.6687500476837158
6, 0.25027701258659363, 0.19600681960582733, 0.5922500491142273
7, NaN, NaN, NaN
8, NaN, NaN, NaN
9, NaN, NaN, NaN
10, NaN, NaN, NaN
11, NaN, NaN, NaN
12, NaN, NaN, NaN
13, NaN, NaN, NaN
14, -0.08117882162332535, -0.1911911815404892, 0.6577500104904175
15, -0.023364270105957985, -0.1938285529613495, 0.640250027179718
16, NaN, NaN, NaN
17, 0.04593838378787041, -0.20543619990348816, 0.721500039100647
0, -0.05749347433447838, -0.15003196895122528, 0.6252500414848328
1, 0.02369542419910431, -0.011396941728889942, 0.73375004529953
2, -0.1300293356180191, 0.002726219827309251, 0.8410000205039978
3, -0.22589659690856934, 0.23489902913570404, 0.8792500495910645
4, -0.15855053067207336, 0.23143872618675232, 0.6500000357627869
5, 0.16874279081821442, -0.04773813486099243, 0.67125004529953
6, 0.24538716673851013, 0.19857072830200195, 0.5900000333786011
7, NaN, NaN, NaN
8, NaN, NaN, NaN
9, NaN, NaN, NaN
10, NaN, NaN, NaN
11, NaN, NaN, NaN
12, NaN, NaN, NaN
13, NaN, NaN, NaN
14, -0.0800371989607811, -0.1885024458169937, 0.6485000252723694
15, -0.023730888962745667, -0.19326794147491455, 0.6505000591278076
16, NaN, NaN, NaN
17, 0.04637283831834793, -0.20251205563545227, 0.7285000085830688
0, -0.05707968398928642, -0.1489521563053131, 0.6207500100135803
1, 0.023711569607257843, -0.01140470802783966, 0.734250009059906
2, -0.1304158717393875, 0.0027343237306922674, 0.843500018119812
3, -0.2361605018377304, 0.24034351110458374, 0.8995000720024109
4, -0.14502738416194916, 0.22075870633125305, 0.6085000038146973
5, 0.16911987960338593, -0.04784481227397919, 0.6727500557899475
6, 0.24582284688949585, 0.19561709463596344, 0.5910000205039978
7, NaN, NaN, NaN
8, NaN, NaN, NaN
9, NaN, NaN, NaN
10, NaN, NaN, NaN
11, NaN, NaN, NaN
12, NaN, NaN, NaN
13, NaN, NaN, NaN
14, -0.08173421770334244, -0.19249922037124634, 0.6622500419616699
15, -0.02293548360466957, -0.19027137756347656, 0.6285000443458557
16, NaN, NaN, NaN
17, 0.04554532468318939, -0.19889827072620392, 0.7155000567436218
0, -0.057378530502319336, -0.14973200857639313, 0.6240000128746033
1, 0.023727716878056526, -0.011412474326789379, 0.7347500324249268
2, -0.1300293356180191, 0.002726219827309251, 0.8410000205039978
3, -0.22891539335250854, 0.23803813755512238, 0.8910000324249268
4, -0.14970657229423523, 0.2126713991165161, 0.5972500443458557
5, 0.16874279081821442, -0.04773813486099243, 0.67125004529953
6, 0.24835406243801117, 0.19778811931610107, 0.5877500176429749
7, NaN, NaN, NaN
8, NaN, NaN, NaN
9, NaN, NaN, NaN
10, NaN, NaN, NaN
11, NaN, NaN, NaN
12, NaN, NaN, NaN
13, NaN, NaN, NaN
14, -0.07969780266284943, -0.18770310282707214, 0.6457500457763672
15, -0.023108823224902153, -0.19170938432216644, 0.6332500576972961
16, NaN, NaN, NaN
17, 0.045715536922216415, -0.20443964004516602, 0.718000054359436
0, -0.05763140320777893, -0.15039189159870148, 0.6267500519752502
1, 0.02855117991566658, -0.015441215597093105, 0.73375004529953
2, -0.13034209609031677, 0.008328123949468136, 0.843000054359436
3, -0.22888065874576569, 0.23302306234836578, 0.8910000324249268
4, -0.14832794666290283, 0.21071292459964752, 0.5917500257492065
5, 0.16880564391613007, -0.04775591194629669, 0.671500027179718
6, 0.24985438585281372, 0.19567586481571198, 0.5912500023841858
7, NaN, NaN, NaN
8, NaN, NaN, NaN
9, NaN, NaN, NaN
10, NaN, NaN, NaN
11, NaN, NaN, NaN
12, NaN, NaN, NaN
13, NaN, NaN, NaN
14, -0.0787721574306488, -0.18552303314208984, 0.6382500529289246
15, -0.022971976548433304, -0.19057410955429077, 0.6295000314712524
16, NaN, NaN, NaN
17, 0.04616595804691315, -0.20160861313343048, 0.7252500057220459
0, -0.05726359039545059, -0.14943207800388336, 0.6227500438690186
1, 0.023679610341787338, -0.015430111438035965, 0.7332500219345093
2, -0.13006800413131714, 0.00272703031077981, 0.8412500619888306
3, -0.2297503799200058, 0.2389063984155655, 0.8942500352859497
4, -0.14878012239933014, 0.21534176170825958, 0.593500018119812
5, 0.16905702650547028, -0.04782702773809433, 0.6725000143051147
6, 0.24698880314826965, 0.19255885481834412, 0.59375
7, NaN, NaN, NaN
8, NaN, NaN, NaN
9, NaN, NaN, NaN
10, NaN, NaN, NaN
11, NaN, NaN, NaN
12, NaN, NaN, NaN
13, NaN, NaN, NaN
14, -0.07809335738420486, -0.18392431735992432, 0.6327500343322754
15, -0.018870100378990173, -0.19162563979625702, 0.6330000162124634
16, NaN, NaN, NaN
17, 0.045895423740148544, -0.20042717456817627, 0.7210000157356262
0, -0.06142399087548256, -0.14945082366466522, 0.6227500438690186
1, 0.028570635244250298, -0.015451736748218536, 0.734250009059906
2, -0.13018396496772766, 0.0027294615283608437, 0.8420000672340393
3, -0.22817423939704895, 0.23230385780334473, 0.8882500529289246
4, -0.14988203346729279, 0.2095738798379898, 0.5980000495910645
5, 0.16930842399597168, -0.047898150980472565, 0.6735000610351562
6, 0.24911487102508545, 0.1950966864824295, 0.5895000100135803
7, NaN, NaN, NaN
8, NaN, NaN, NaN
9, NaN, NaN, NaN
10, NaN, NaN, NaN
11, NaN, NaN, NaN
12, NaN, NaN, NaN
13, NaN, NaN, NaN
14, -0.0801914781332016, -0.1888657957315445, 0.6497500538825989
15, -0.023665331304073334, -0.1963261514902115, 0.6485000252723694
16, NaN, NaN, NaN
17, 0.04572037607431412, -0.1996627151966095, 0.718250036239624
0, -0.057378530502319336, -0.14973200857639313, 0.6240000128746033
1, 0.023703496903181076, -0.011400824412703514, 0.734000027179718
2, -0.1303807497024536, 0.008330592885613441, 0.843250036239624
3, -0.22846578061580658, 0.2375706136226654, 0.8892500400543213
4, -0.14807727932929993, 0.21035684645175934, 0.5907500386238098
5, 0.16911987960338593, -0.04784481227397919, 0.6727500557899475
6, 0.2517344653606415, 0.20048026740550995, 0.5957500338554382
7, NaN, NaN, NaN
8, NaN, NaN, NaN
9, NaN, NaN, NaN
10, NaN, NaN, NaN
11, NaN, NaN, NaN
12, NaN, NaN, NaN
13, NaN, NaN, NaN
14, -0.0794818177819252, -0.18719442188739777, 0.6440000534057617
15, -0.022926360368728638, -0.19019567966461182, 0.628250002861023
16, NaN, NaN, NaN
17, 0.05113162845373154, -0.20210707187652588, 0.7270000576972961
0, -0.06133400648832321, -0.14578288793563843, 0.6220000386238098
1, 0.02371964417397976, -0.011408591642975807, 0.7345000505447388
2, -0.13041940331459045, 0.008333062753081322, 0.843500018119812
3, -0.23080725967884064, 0.23498453199863434, 0.8985000252723694
4, -0.14894214272499084, 0.20825965702533722, 0.5942500233650208
5, 0.16924555599689484, -0.047880370169878006, 0.6732500195503235
6, 0.24811556935310364, 0.20153921842575073, 0.5872500538825989
7, NaN, NaN, NaN
8, NaN, NaN, NaN
9, NaN, NaN, NaN
10, NaN, NaN, NaN
11, NaN, NaN, NaN
12, NaN, NaN, NaN
13, NaN, NaN, NaN
14, -0.07840190082788467, -0.18465100228786469, 0.6352500319480896
15, -0.02306510880589485, -0.18784572184085846, 0.6322500109672546
16, NaN, NaN, NaN
17, 0.04524296149611473, -0.1975778341293335, 0.7107500433921814
0, -0.06148191913962364, -0.14613445103168488, 0.6235000491142273
1, 0.028609123080968857, -0.011420569382607937, 0.7352500557899475
2, -0.12995555996894836, 0.008303425274789333, 0.8405000567436218
3, -0.233504518866539, 0.23773060739040375, 0.909000039100647
4, -0.14876659214496613, 0.21133606135845184, 0.593500018119812
5, 0.16974833607673645, -0.04802260920405388, 0.6752500534057617
6, 0.24592682719230652, 0.19569984078407288, 0.5912500023841858
7, NaN, NaN, NaN
8, NaN, NaN, NaN
9, NaN, NaN, NaN
10, NaN, NaN, NaN
11, NaN, NaN, NaN
12, NaN, NaN, NaN
13, NaN, NaN, NaN
14, -0.0800371989607811, -0.1885024458169937, 0.6485000252723694
15, -0.023200055584311485, -0.19246624410152435, 0.6357500553131104
16, NaN, NaN, NaN
17, 0.046118222177028656, -0.20140013098716736, 0.7245000600814819
0, -0.06145726144313812, -0.14607584476470947, 0.6232500076293945
1, 0.023760011419653893, -0.011428005993366241, 0.7357500195503235
2, -0.12991689145565033, 0.008300955407321453, 0.8402500152587891
3, -0.23064959049224854, 0.23984144628047943, 0.8977500200271606
4, -0.14623236656188965, 0.21345770359039307, 0.5995000004768372
5, 0.16937126219272614, -0.047915928065776825, 0.6737500429153442
6, 0.25067809224128723, 0.1996389776468277, 0.593250036239624
7, NaN, NaN, NaN
8, NaN, NaN, NaN
9, NaN, NaN, NaN
10, NaN, NaN, NaN
11, NaN, NaN, NaN
12, NaN, NaN, NaN
13, NaN, NaN, NaN
14, -0.07985207438468933, -0.18806642293930054, 0.6470000147819519
15, -0.02307233028113842, -0.19140663743019104, 0.6322500109672546
16, NaN, NaN, NaN
17, 0.046547893434762955, -0.20327652990818024, 0.7312500476837158
0, -0.06137467175722122, -0.14933082461357117, 0.6222500205039978
1, 0.028590090572834015, -0.015462259761989117, 0.7347500324249268
2, -0.13061267137527466, 0.008345412090420723, 0.8447500467300415
3, -0.22628197073936462, 0.23529976606369019, 0.8807500600814819
4, -0.14682398736476898, 0.20857642590999603, 0.5857500433921814
5, 0.1685447245836258, -0.04395885020494461, 0.6705000400543213
6, 0.2537550926208496, 0.19893845915794373, 0.5912500023841858
7, NaN, NaN, NaN
8, NaN, NaN, NaN
9, NaN, NaN, NaN
10, NaN, NaN, NaN
11, NaN, NaN, NaN
12, NaN, NaN, NaN
13, NaN, NaN, NaN
14, -0.07982122153043747, -0.18799376487731934, 0.6467500329017639
15, -0.023802179843187332, -0.19746142625808716, 0.6522500514984131
16, NaN, NaN, NaN
17, 0.04616595804691315, -0.20160861313343048, 0.7252500057220459
0, -0.06148191913962364, -0.14613445103168488, 0.6235000491142273
1, 0.028609123080968857, -0.011420569382607937, 0.7352500557899475
2, -0.1302647888660431, 0.008323184214532375, 0.8425000309944153
3, -0.2258623093366623, 0.22995008528232574, 0.8792500495910645
4, -0.14745064079761505, 0.20946663618087769, 0.5882500410079956
5, 0.16930842399597168, -0.047898150980472565, 0.6735000610351562
6, 0.24919918179512024, 0.19846117496490479, 0.5897500514984131
7, NaN, NaN, NaN
8, NaN, NaN, NaN
9, NaN, NaN, NaN
10, NaN, NaN, NaN
11, NaN, NaN, NaN
12, NaN, NaN, NaN
13, NaN, NaN, NaN
14, -0.07988293468952179, -0.18813911080360413, 0.6472500562667847
15, -0.022926360368728638, -0.19019567966461182, 0.628250002861023
16, NaN, NaN, NaN
17, 0.04600682109594345, -0.20091363787651062, 0.7227500081062317
0, -0.06148191913962364, -0.14613445103168488, 0.6235000491142273
1, 0.028697095811367035, -0.015520131215453148, 0.737500011920929
2, -0.1303807497024536, 0.008330592885613441, 0.843250036239624
3, -0.22827309370040894, 0.23737023770809174, 0.8885000348091125
4, -0.1492554396390915, 0.20869773626327515, 0.5955000519752502
5, 0.16937126219272614, -0.047915928065776825, 0.6737500429153442
6, 0.2515231966972351, 0.20031200349330902, 0.5952500104904175
7, NaN, NaN, NaN
8, NaN, NaN, NaN
9, NaN, NaN, NaN
10, NaN, NaN, NaN
11, NaN, NaN, NaN
12, NaN, NaN, NaN
13, NaN, NaN, NaN
14, -0.08272156864404678, -0.19482462108135223, 0.6702500581741333
15, -0.02320917695760727, -0.1925419121980667, 0.6360000371932983
16, NaN, NaN, NaN
17, 0.0459272526204586, -0.20056617259979248, 0.721500039100647
0, -0.06164591386914253, -0.14999078214168549, 0.625
1, 0.023711569607257843, -0.01140470802783966, 0.734250009059906
2, -0.1302647888660431, 0.008323184214532375, 0.8425000309944153
3, -0.22804579138755798, 0.23217308521270752, 0.8877500295639038
4, -0.15030744671821594, 0.2046823352575302, 0.5840000510215759
5, 0.16917315125465393, -0.04412275552749634, 0.6730000376701355
6, 0.24867098033428192, 0.19804051518440247, 0.5885000228881836
7, NaN, NaN, NaN
8, NaN, NaN, NaN
9, NaN, NaN, NaN
10, NaN, NaN, NaN
11, NaN, NaN, NaN
12, NaN, NaN, NaN
13, NaN, NaN, NaN
14, -0.08016061782836914, -0.1887931227684021, 0.6495000123977661
15, -0.02312706783413887, -0.19186075031757355, 0.6337500214576721
16, NaN, NaN, NaN
17, 0.04609755799174309, -0.20614804327487946, 0.7240000367164612
0, -0.06247924268245697, -0.15623407065868378, 0.6332500576972961
1, 0.023808451369404793, -0.011451304890215397, 0.737250030040741
2, -0.1308797150850296, 0.002744048833847046, 0.846500039100647
3, -0.22344478964805603, 0.22165586054325104, 0.8700000643730164
4, -0.16594432294368744, 0.18465624749660492, 0.6157500147819519
5, 0.1687960922718048, -0.04402441158890724, 0.671500027179718
6, 0.24941043555736542, 0.19862940907478333, 0.5902500152587891
7, NaN, NaN, NaN
8, NaN, NaN, NaN
9, NaN, NaN, NaN
10, NaN, NaN, NaN
11, NaN, NaN, NaN
12, NaN, NaN, NaN
13, NaN, NaN, NaN
14, -0.08142566680908203, -0.19177253544330597, 0.6597500443458557
15, -0.0272031482309103, -0.19580408930778503, 0.6467500329017639
16, NaN, NaN, NaN
17, 0.04657508805394173, -0.20828354358673096, 0.7315000295639038
0, -0.07071268558502197, -0.15732046961784363, 0.6375000476837158
1, 0.023849155753850937, -0.0155405905097723, 0.7385000586509705
2, -0.13084106147289276, 0.0027432385832071304, 0.846250057220459
3, -0.19111579656600952, 0.1737045794725418, 0.8760000467300415
4, NaN, NaN, NaN
5, 0.16904745995998383, -0.04408997297286987, 0.6725000143051147
6, 0.23399080336093903, 0.18797218799591064, 0.5795000195503235
7, NaN, NaN, NaN
8, NaN, NaN, NaN
9, NaN, NaN, NaN
10, NaN, NaN, NaN
11, NaN, NaN, NaN
12, NaN, NaN, NaN
13, NaN, NaN, NaN
14, -0.08961021900177002, -0.19478559494018555, 0.6547500491142273
15, -0.03130507096648216, -0.19871625304222107, 0.6420000195503235
16, NaN, NaN, NaN
17, 0.046600230038166046, -0.21247220039367676, 0.7317500114440918
0, -0.07524887472391129, -0.15365052223205566, 0.64000004529953
1, 0.02384107932448387, -0.015535328537225723, 0.7382500171661377
2, -0.1310729831457138, 0.002748101018369198, 0.8477500677108765
3, -0.23662133514881134, 0.2445066273212433, 0.768750011920929
4, NaN, NaN, NaN
5, 0.1738295704126358, -0.03967481479048729, 0.6735000610351562
6, 0.22202631831169128, 0.17711664736270905, 0.5575000047683716
7, NaN, NaN, NaN
8, NaN, NaN, NaN
9, NaN, NaN, NaN
10, NaN, NaN, NaN
11, NaN, NaN, NaN
12, NaN, NaN, NaN
13, NaN, NaN, NaN
14, -0.09166314452886581, -0.1992480307817459, 0.6697500348091125
15, -0.03193897381424904, -0.20274010300636292, 0.6550000309944153
16, NaN, NaN, NaN
17, 0.04681805521249771, -0.21838028728961945, 0.7350000143051147
0, -0.06841553747653961, -0.16384649276733398, 0.6492500305175781
1, 0.024018697440624237, -0.015651067718863487, 0.7437500357627869
2, -0.13672210276126862, 0.008435566909611225, 0.8535000681877136
3, NaN, NaN, NaN
4, NaN, NaN, NaN
5, 0.1771540343761444, -0.0395796112716198, 0.671750009059906
6, 0.20190252363681793, 0.16912367939949036, 0.5322500467300415
7, NaN, NaN, NaN
8, NaN, NaN, NaN
9, NaN, NaN, NaN
10, NaN, NaN, NaN
11, NaN, NaN, NaN
12, NaN, NaN, NaN
13, NaN, NaN, NaN
14, -0.08660553395748138, -0.20162953436374664, 0.6652500033378601
15, -0.03295078128576279, -0.20916278660297394, 0.6757500171661377
16, NaN, NaN, NaN
17, 0.04678620770573616, -0.21823175251483917, 0.7345000505447388
0, -0.0644940584897995, -0.1648983210325241, 0.6535000205039978
1, 0.024139801040291786, -0.015729980543255806, 0.7475000619888306
2, -0.13695865869522095, 0.002773952204734087, 0.8550000190734863
3, NaN, NaN, NaN
4, NaN, NaN, NaN
5, 0.18087612092494965, -0.03941214084625244, 0.6687500476837158
6, 0.17524884641170502, 0.16078978776931763, 0.49550002813339233
7, NaN, NaN, NaN
8, NaN, NaN, NaN
9, NaN, NaN, NaN
10, NaN, NaN, NaN
11, NaN, NaN, NaN
12, NaN, NaN, NaN
13, NaN, NaN, NaN
14, -0.08473871648311615, -0.20797128975391388, 0.6862500309944153
15, -0.024541033431887627, -0.21252736449241638, 0.6720000505447388
16, NaN, NaN, NaN
17, 0.05220441147685051, -0.22039729356765747, 0.7417500615119934
0, -0.06129590794444084, -0.17252051830291748, 0.6660000085830688
1, 0.024333564564585686, -0.015856241807341576, 0.7535000443458557
2, -0.13296698033809662, 0.0027878109831362963, 0.8600000143051147
3, NaN, NaN, NaN
4, NaN, NaN, NaN
5, 0.17471462488174438, -0.03903460130095482, 0.6625000238418579
6, NaN, NaN, NaN
7, NaN, NaN, NaN
8, NaN, NaN, NaN
9, NaN, NaN, NaN
10, NaN, NaN, NaN
11, NaN, NaN, NaN
12, NaN, NaN, NaN
13, NaN, NaN, NaN
14, -0.08341116458177567, -0.21439191699028015, 0.7075000405311584
15, -0.020324377343058586, -0.21544432640075684, 0.6812500357627869
16, NaN, NaN, NaN
17, 0.05888168886303902, -0.2219344526529312, 0.7642500400543213
0, -0.06171007081866264, -0.1736862063407898, 0.6705000400543213
1, 0.024406228214502335, -0.015903590247035027, 0.7557500600814819
2, -0.12751565873622894, 0.0027915500104427338, 0.862000048160553
3, NaN, NaN, NaN
4, NaN, NaN, NaN
5, 0.173989400267601, -0.03887256979942322, 0.6597500443458557
6, NaN, NaN, NaN
7, NaN, NaN, NaN
8, NaN, NaN, NaN
9, NaN, NaN, NaN
10, NaN, NaN, NaN
11, NaN, NaN, NaN
12, NaN, NaN, NaN
13, NaN, NaN, NaN
14, -0.08485538512468338, -0.21810400485992432, 0.7197500467300415
15, -0.020488465204834938, -0.2171836942434311, 0.686750054359436
16, NaN, NaN, NaN
17, 0.05913208797574043, -0.22287823259830475, 0.7675000429153442
0, -0.06634058803319931, -0.1740950047969818, 0.6720000505447388
1, 0.02430127188563347, -0.015835197642445564, 0.752500057220459
2, -0.1269979178905487, 0.0027802155818790197, 0.858500063419342
3, NaN, NaN, NaN
4, NaN, NaN, NaN
5, 0.16533972322940826, -0.04312294349074364, 0.6577500104904175
6, NaN, NaN, NaN
7, NaN, NaN, NaN
8, NaN, NaN, NaN
9, NaN, NaN, NaN
10, NaN, NaN, NaN
11, NaN, NaN, NaN
12, NaN, NaN, NaN
13, NaN, NaN, NaN
14, -0.08566482365131378, -0.21024419367313385, 0.6937500238418579
15, -0.028619851917028427, -0.21881729364395142, 0.6797500252723694
16, NaN, NaN, NaN
17, 0.053740181028842926, -0.2217758446931839, 0.7637500166893005
0, -0.07374855130910873, -0.17219123244285583, 0.6645000576972961
1, 0.02011886239051819, -0.015808504074811935, 0.7512500286102295
2, -0.13219749927520752, 0.008446672931313515, 0.8550000190734863
3, NaN, NaN, NaN
4, NaN, NaN, NaN
5, 0.16521404683589935, -0.04309016466140747, 0.6572500467300415
6, NaN, NaN, NaN
7, NaN, NaN, NaN
8, NaN, NaN, NaN
9, NaN, NaN, NaN
10, NaN, NaN, NaN
11, NaN, NaN, NaN
12, NaN, NaN, NaN
13, NaN, NaN, NaN
14, -0.08976252377033234, -0.20897944271564484, 0.6895000338554382
15, -0.033181507140398026, -0.21515518426895142, 0.6802500486373901
16, NaN, NaN, NaN
17, 0.04825599491596222, -0.22002160549163818, 0.7577500343322754
0, -0.07774116843938828, -0.16314245760440826, 0.6610000133514404
1, 0.02007199637591839, -0.01577167958021164, 0.749500036239624
2, -0.13728275895118713, 0.008470159024000168, 0.8570000529289246
3, NaN, NaN, NaN
4, NaN, NaN, NaN
5, 0.16546541452407837, -0.0431557260453701, 0.6582500338554382
6, NaN, NaN, NaN
7, NaN, NaN, NaN
8, NaN, NaN, NaN
9, NaN, NaN, NaN
10, NaN, NaN, NaN
11, NaN, NaN, NaN
12, NaN, NaN, NaN
13, NaN, NaN, NaN
14, -0.09658198803663254, -0.20172268152236938, 0.6780000329017639
15, -0.03732903301715851, -0.21287372708320618, 0.6730000376701355
16, NaN, NaN, NaN
17, 0.03856194019317627, -0.22267061471939087, 0.749500036239624
0, -0.0813419297337532, -0.15859177708625793, 0.6605000495910645
1, 0.020078690722584724, -0.015776939690113068, 0.749750018119812
2, -0.13648180663585663, 0.008420741185545921, 0.8520000576972961
3, NaN, NaN, NaN
4, NaN, NaN, NaN
5, 0.16477414965629578, -0.04297543317079544, 0.655500054359436
6, NaN, NaN, NaN
7, NaN, NaN, NaN
8, NaN, NaN, NaN
9, NaN, NaN, NaN
10, NaN, NaN, NaN
11, NaN, NaN, NaN
12, NaN, NaN, NaN
13, NaN, NaN, NaN
14, -0.09929860383272171, -0.20274341106414795, 0.6972500085830688
15, -0.04074700549244881, -0.20670898258686066, 0.6677500605583191
16, NaN, NaN, NaN
17, 0.03848899528384209, -0.21724481880664825, 0.7482500076293945
0, -0.08149586617946625, -0.15889190137386322, 0.6617500185966492
1, 0.015078436583280563, -0.015734517946839333, 0.7477500438690186
2, -0.13668204843997955, 0.008433095179498196, 0.8532500267028809
3, NaN, NaN, NaN
4, NaN, NaN, NaN
5, 0.1600486785173416, -0.042687952518463135, 0.6512500047683716
6, NaN, NaN, NaN
7, NaN, NaN, NaN
8, NaN, NaN, NaN
9, NaN, NaN, NaN
10, NaN, NaN, NaN
11, NaN, NaN, NaN
12, NaN, NaN, NaN
13, NaN, NaN, NaN
14, -0.10050918906927109, -0.1960080862045288, 0.6740000247955322
15, -0.045689765363931656, -0.2044048309326172, 0.675000011920929
16, NaN, NaN, NaN
17, 0.03311200439929962, -0.21476897597312927, 0.7397500276565552
0, -0.0808185338973999, -0.15757131576538086, 0.6562500596046448
1, 0.015042980201542377, -0.011586819775402546, 0.7460000514984131
2, -0.13680219650268555, 0.008440508507192135, 0.8540000319480896
3, NaN, NaN, NaN
4, NaN, NaN, NaN
5, 0.1641985923051834, -0.038472600281238556, 0.6532500386238098
6, NaN, NaN, NaN
7, NaN, NaN, NaN
8, NaN, NaN, NaN
9, NaN, NaN, NaN
10, NaN, NaN, NaN
11, NaN, NaN, NaN
12, NaN, NaN, NaN
13, NaN, NaN, NaN
14, -0.10045052319765091, -0.19214653968811035, 0.6737500429153442
15, -0.045165181159973145, -0.20205797255039215, 0.6672500371932983
16, NaN, NaN, NaN
17, 0.03330224007368088, -0.21600285172462463, 0.7440000176429749
0, -0.08026434481143951, -0.15649081766605377, 0.6517500281333923
1, 0.014982485212385654, -0.011540223844349384, 0.7430000305175781
2, -0.13624152541160583, 0.008405916392803192, 0.8505000472068787
3, NaN, NaN, NaN
4, NaN, NaN, NaN
5, 0.16357019543647766, -0.038325365632772446, 0.6507500410079956
6, NaN, NaN, NaN
7, NaN, NaN, NaN
8, NaN, NaN, NaN
9, NaN, NaN, NaN
10, NaN, NaN, NaN
11, NaN, NaN, NaN
12, NaN, NaN, NaN
13, NaN, NaN, NaN
14, -0.10313417762517929, -0.19727995991706848, 0.6917500495910645
15, -0.0484447218477726, -0.2002534568309784, 0.6612500548362732
16, NaN, NaN, NaN
17, 0.02919192612171173, -0.21621498465538025, 0.7447500228881836
0, -0.0852760523557663, -0.1577155590057373, 0.6567500233650208
1, 0.01503793802112341, -0.0115829361602664, 0.7457500100135803
2, -0.1364060491323471, 0.013127212412655354, 0.8515000343322754
3, NaN, NaN, NaN
4, NaN, NaN, NaN
5, 0.164334237575531, -0.04286069795489311, 0.6537500023841858
6, NaN, NaN, NaN
7, NaN, NaN, NaN
8, NaN, NaN, NaN
9, NaN, NaN, NaN
10, NaN, NaN, NaN
11, NaN, NaN, NaN
12, NaN, NaN, NaN
13, NaN, NaN, NaN
14, -0.1052054688334465, -0.19260047376155853, 0.6752500534057617
15, -0.048646192997694016, -0.20108626782894135, 0.6640000343322754
16, NaN, NaN, NaN
17, 0.028839154168963432, -0.21360212564468384, 0.7357500195503235
0, -0.08515821397304535, -0.15385666489601135, 0.656000018119812
1, 0.015027856454253197, -0.011575170792639256, 0.7452500462532043
2, -0.13648614287376404, 0.013134920969605446, 0.8520000576972961
3, NaN, NaN, NaN
4, NaN, NaN, NaN
5, 0.16382156312465668, -0.03838425874710083, 0.6517500281333923
6, NaN, NaN, NaN
7, NaN, NaN, NaN
8, NaN, NaN, NaN
9, NaN, NaN, NaN
10, NaN, NaN, NaN
11, NaN, NaN, NaN
12, NaN, NaN, NaN
13, NaN, NaN, NaN
14, -0.10774897038936615, -0.19264015555381775, 0.6917500495910645
15, -0.047675468027591705, -0.19707362353801727, 0.6507500410079956
16, NaN, NaN, NaN
17, 0.02909393422305584, -0.2154891937971115, 0.7422500252723694
0, -0.08424951136112213, -0.1522148996591568, 0.6490000486373901
1, 0.015022815205156803, -0.011571288108825684, 0.7450000643730164
2, -0.13688229024410248, 0.008445450104773045, 0.8545000553131104
3, NaN, NaN, NaN
4, NaN, NaN, NaN
5, 0.16077584028244019, -0.03852364048361778, 0.6542500257492065
6, NaN, NaN, NaN
7, NaN, NaN, NaN
8, NaN, NaN, NaN
9, NaN, NaN, NaN
10, NaN, NaN, NaN
11, NaN, NaN, NaN
12, NaN, NaN, NaN
13, NaN, NaN, NaN
14, -0.10720379650592804, -0.19166545569896698, 0.6882500052452087
15, -0.04802346229553223, -0.19851212203502655, 0.655500054359436
16, NaN, NaN, NaN
17, 0.029323874041438103, -0.21302007138729095, 0.7482500076293945
0, -0.08499594777822495, -0.1535634994506836, 0.6547500491142273
1, 0.015022815205156803, -0.011571288108825684, 0.7450000643730164
2, -0.1421046406030655, 0.013133183121681213, 0.8515000343322754
3, NaN, NaN, NaN
4, NaN, NaN, NaN
5, 0.16344451904296875, -0.038295917212963104, 0.6502500176429749
6, NaN, NaN, NaN
7, NaN, NaN, NaN
8, NaN, NaN, NaN
9, NaN, NaN, NaN
10, NaN, NaN, NaN
11, NaN, NaN, NaN
12, NaN, NaN, NaN
13, NaN, NaN, NaN
14, -0.10899506509304047, -0.19486799836158752, 0.6997500061988831
15, -0.049085766077041626, -0.20290330052375793, 0.6700000166893005
16, NaN, NaN, NaN
17, 0.029299719259142876, -0.2170133739709854, 0.7475000619888306
0, -0.08506084978580475, -0.15368075668811798, 0.6552500128746033
1, 0.015063144266605377, -0.011602351441979408, 0.7470000386238098
2, -0.13636167347431183, 0.008413328789174557, 0.8512500524520874
3, NaN, NaN, NaN
4, NaN, NaN, NaN
5, 0.1640729159116745, -0.038443151861429214, 0.6527500152587891
6, NaN, NaN, NaN
7, NaN, NaN, NaN
8, NaN, NaN, NaN
9, NaN, NaN, NaN
10, NaN, NaN, NaN
11, NaN, NaN, NaN
12, NaN, NaN, NaN
13, NaN, NaN, NaN
14, -0.10516650974750519, -0.19252915680408478, 0.675000011920929
15, -0.04877440258860588, -0.20161622762680054, 0.6657500267028809
16, NaN, NaN, NaN
17, 0.029147520661354065, -0.2117389738559723, 0.7437500357627869
