0, [-0.034683484584093094, -0.09633167088031769, 0.531000018119812]
1, [0.08887597918510437, 0.01382789108902216, 0.6130000352859497]
2, [-0.06571963429450989, 0.035118475556373596, 0.7350000143051147]
3, [-0.12066802382469177, 0.27300095558166504, 0.7670000195503235]
5, [0.2201990783214569, -0.004375435411930084, 0.5370000004768372]
14, [-0.05016152188181877, -0.13253463804721832, 0.5610000491142273]
15, [0.0013820204185321927, -0.13936331868171692, 0.5330000519752502]
17, [0.08467140793800354, -0.15269826352596283, 0.5840000510215759]
0, [-0.034683484584093094, -0.09283780306577682, 0.531000018119812]
1, [0.0851241946220398, 0.013873006217181683, 0.6150000095367432]
2, [-0.06598788499832153, 0.035261817276477814, 0.7380000352859497]
3, [-0.12456145137548447, 0.2846779227256775, 0.7600000500679016]
5, [0.22934097051620483, -0.00787932425737381, 0.5350000262260437]
14, [-0.05016152188181877, -0.13253463804721832, 0.5610000491142273]
15, [0.004866543225944042, -0.14175191521644592, 0.531000018119812]
17, [0.08832114189863205, -0.15670126676559448, 0.5870000123977661]
0, [-0.03125252202153206, -0.09943012148141861, 0.5320000052452087]
1, [0.0851241946220398, 0.013873006217181683, 0.6150000095367432]
2, [-0.06113777682185173, 0.030405936762690544, 0.7380000352859497]
3, [-0.1263643056154251, 0.26935169100761414, 0.7710000276565552]
5, [0.22272449731826782, -0.0008405232219956815, 0.5360000133514404]
14, [-0.05034034699201584, -0.13300712406635284, 0.5630000233650208]
15, [0.0013820204185321927, -0.13936331868171692, 0.5330000519752502]
17, [0.08847160637378693, -0.15374413132667542, 0.5879999995231628]
0, [-0.034683484584093094, -0.09633167088031769, 0.531000018119812]
1, [0.0851241946220398, 0.013873006217181683, 0.6150000095367432]
2, [-0.06580905616283417, 0.03516625985503197, 0.7360000610351562]
3, [-0.11623035371303558, 0.2600511610507965, 0.7710000276565552]
5, [0.2284836322069168, -0.004342844244092703, 0.5330000519752502]
14, [-0.05413634702563286, -0.1332433670759201, 0.5640000104904175]
15, [0.00137683458160609, -0.14175191521644592, 0.531000018119812]
17, [0.08802022784948349, -0.15616737306118011, 0.5850000381469727]
0, [-0.031135033816099167, -0.09615025669336319, 0.5300000309944153]
1, [0.0851241946220398, 0.013873006217181683, 0.6150000095367432]
2, [-0.06536197662353516, 0.03893553838133812, 0.7310000061988831]
3, [-0.12669211626052856, 0.2658119201660156, 0.7730000615119934]
5, [0.2258249670267105, -0.00435913959518075, 0.5350000262260437]
14, [-0.05078741908073425, -0.13418835401535034, 0.5680000185966492]
15, [0.004857378080487251, -0.14148496091365814, 0.5300000309944153]
17, [0.08756883442401886, -0.15536651015281677, 0.5820000171661377]
0, [-0.031135033816099167, -0.09615025669336319, 0.5300000309944153]
1, [0.08526261895895004, 0.013895564712584019, 0.6160000562667847]
2, [-0.06589847058057785, 0.03521403670310974, 0.737000048160553]
3, [-0.12051070481538773, 0.28692537546157837, 0.7660000324249268]
5, [0.22624705731868744, -0.004367287270724773, 0.5360000133514404]
14, [-0.05042976140975952, -0.1332433670759201, 0.5640000104904175]
15, [0.004866543225944042, -0.14175191521644592, 0.531000018119812]
17, [0.08394648134708405, -0.15456566214561462, 0.5790000557899475]
0, [-0.031135033816099167, -0.09615025669336319, 0.5300000309944153]
1, [0.08873099088668823, 0.013805334456264973, 0.612000048160553]
2, [-0.06580905616283417, 0.03516625985503197, 0.7360000610351562]
3, [-0.12082535028457642, 0.26830363273620605, 0.7680000066757202]
5, [0.2206091433763504, -0.007923508062958717, 0.5380000472068787]
14, [-0.050250936299562454, -0.13646872341632843, 0.562000036239624]
15, [0.004857378080487251, -0.14148496091365814, 0.5300000309944153]
17, [0.08741837739944458, -0.155099555850029, 0.581000030040741]
0, [-0.03107628971338272, -0.09596884250640869, 0.5290000438690186]
1, [0.08498578518629074, 0.013850448653101921, 0.6140000224113464]
2, [-0.0656302198767662, 0.035070694983005524, 0.734000027179718]
3, [-0.12098268419504166, 0.2644364535808563, 0.7690000534057617]
5, [0.22272449731826782, -0.004367287270724773, 0.5360000133514404]
14, [-0.04664033651351929, -0.13671155273914337, 0.5630000233650208]
15, [0.008356251753866673, -0.14175191521644592, 0.531000018119812]
17, [0.0872679129242897, -0.1478361040353775, 0.5800000429153442]
0, [-0.031193777918815613, -0.09633167088031769, 0.531000018119812]
1, [0.08873099088668823, 0.017832161858677864, 0.612000048160553]
2, [-0.0656302198767662, 0.035070694983005524, 0.734000027179718]
3, [-0.1252170354127884, 0.28617623448371887, 0.7640000581741333]
5, [0.23096850514411926, -0.004334695637226105, 0.5320000052452087]
14, [-0.04672317951917648, -0.13695436716079712, 0.5640000104904175]
15, [0.004884873051196337, -0.14228582382202148, 0.5330000519752502]
17, [0.09202184528112411, -0.15322118997573853, 0.5860000252723694]
0, [-0.031193777918815613, -0.09633167088031769, 0.531000018119812]
1, [0.0885860025882721, 0.017803024500608444, 0.6110000014305115]
2, [-0.06554081290960312, 0.039042070508003235, 0.7330000400543213]
3, [-0.124725341796875, 0.28505247831344604, 0.7610000371932983]
5, [0.228054940700531, -0.004334695637226105, 0.5320000052452087]
14, [-0.04664033651351929, -0.13671155273914337, 0.5630000233650208]
15, [0.008356251753866673, -0.14175191521644592, 0.531000018119812]
17, [0.09202184528112411, -0.15322118997573853, 0.5860000252723694]
0, [-0.031193777918815613, -0.09633167088031769, 0.531000018119812]
1, [0.09148085117340088, 0.013715103268623352, 0.6080000400543213]
2, [-0.06571963429450989, 0.035118475556373596, 0.7350000143051147]
3, [-0.124725341796875, 0.28505247831344604, 0.7610000371932983]
5, [0.2258249670267105, -0.00787932425737381, 0.5350000262260437]
14, [-0.046888865530490875, -0.137440025806427, 0.5660000443458557]
15, [0.004875707905739546, -0.1420188695192337, 0.5320000052452087]
17, [0.09186481684446335, -0.15295973420143127, 0.5850000381469727]
0, [-0.03125252202153206, -0.09943012148141861, 0.5320000052452087]
1, [0.0851241946220398, 0.013873006217181683, 0.6150000095367432]
2, [-0.06527256220579147, 0.03888227790594101, 0.7300000190734863]
3, [-0.12082535028457642, 0.2640925645828247, 0.7680000066757202]
5, [0.2258249670267105, -0.00435913959518075, 0.5350000262260437]
14, [-0.04672317951917648, -0.13695436716079712, 0.5640000104904175]
15, [0.004875707905739546, -0.1420188695192337, 0.5320000052452087]
17, [0.09202184528112411, -0.14936544001102448, 0.5860000252723694]
0, [-0.03125252202153206, -0.10293056815862656, 0.5320000052452087]
1, [0.0885860025882721, 0.017803024500608444, 0.6110000014305115]
2, [-0.0656302198767662, 0.035070694983005524, 0.734000027179718]
3, [-0.12456145137548447, 0.2846779227256775, 0.7600000500679016]
5, [0.2258249670267105, -0.00787932425737381, 0.5350000262260437]
14, [-0.04664033651351929, -0.13979856669902802, 0.5630000233650208]
15, [0.004848213400691748, -0.14469872415065765, 0.5290000438690186]
17, [0.09202184528112411, -0.15322118997573853, 0.5860000252723694]
0, [-0.034814123064279556, -0.09961702674627304, 0.5330000519752502]
1, [0.0885860025882721, 0.013782775029540062, 0.6110000014305115]
2, [-0.06580905616283417, 0.03516625985503197, 0.7360000610351562]
3, [-0.12456145137548447, 0.2846779227256775, 0.7600000500679016]
5, [0.2197890281677246, -0.004367287270724773, 0.5360000133514404]
14, [-0.046474654227495193, -0.13930194079875946, 0.5610000491142273]
15, [0.0013716488610953093, -0.14469872415065765, 0.5290000438690186]
17, [0.09202184528112411, -0.15322118997573853, 0.5860000252723694]
0, [-0.034814123064279556, -0.09961702674627304, 0.5330000519752502]
1, [0.08498578518629074, 0.013850448653101921, 0.6140000224113464]
2, [-0.0656302198767662, 0.035070694983005524, 0.734000027179718]
3, [-0.11577809602022171, 0.2590392827987671, 0.7680000066757202]
5, [0.22272449731826782, -0.004367287270724773, 0.5360000133514404]
14, [-0.05042976140975952, -0.1400468647480011, 0.5640000104904175]
15, [0.0013716488610953093, -0.14469872415065765, 0.5290000438690186]
17, [0.08771929889917374, -0.1486007571220398, 0.5830000042915344]
0, [-0.03780395910143852, -0.09980392456054688, 0.534000039100647]
1, [0.08873099088668823, 0.013805334456264973, 0.612000048160553]
2, [-0.0656302198767662, 0.035070694983005524, 0.734000027179718]
3, [-0.12914711236953735, 0.28561434149742126, 0.7625000476837158]
5, [0.22624705731868744, -0.007894052192568779, 0.5360000133514404]
14, [-0.054424308240413666, -0.14079180359840393, 0.5670000314712524]
15, [-0.0015399070689454675, -0.14255277812480927, 0.534000039100647]
17, [0.09217888116836548, -0.15348266065120697, 0.5870000123977661]
0, [-0.037945546209812164, -0.10017772018909454, 0.5360000133514404]
1, [0.08498578518629074, 0.013850448653101921, 0.6140000224113464]
2, [-0.06047503650188446, 0.03487957641482353, 0.7300000190734863]
3, [-0.124725341796875, 0.28505247831344604, 0.7610000371932983]
5, [0.2210191935300827, -0.007938235998153687, 0.5390000343322754]
14, [-0.05413634702563286, -0.1437578648328781, 0.5640000104904175]
15, [0.0013872062554582953, -0.14633992314338684, 0.5350000262260437]
17, [0.09217888116836548, -0.15348266065120697, 0.5870000123977661]
0, [-0.04162284731864929, -0.1070413812994957, 0.5380000472068787]
1, [0.08873099088668823, 0.013805334456264973, 0.612000048160553]
2, [-0.060806408524513245, 0.035070694983005524, 0.734000027179718]
3, [-0.12082535028457642, 0.26830363273620605, 0.7680000066757202]
5, [0.2210191935300827, -0.007938235998153687, 0.5390000343322754]
14, [-0.05413634702563286, -0.1437578648328781, 0.5640000104904175]
15, [-0.0015572092961519957, -0.14770758152008057, 0.5400000214576721]
17, [0.09264998137950897, -0.15038500726222992, 0.5900000333786011]
0, [-0.041854944080114365, -0.10467187315225601, 0.5410000085830688]
1, [0.08873099088668823, 0.017832161858677864, 0.612000048160553]
2, [-0.06072356551885605, 0.03502291813492775, 0.7330000400543213]
3, [-0.12161198258399963, 0.25563958287239075, 0.7730000615119934]
5, [0.2258249670267105, -0.00435913959518075, 0.5350000262260437]
14, [-0.054424308240413666, -0.14825327694416046, 0.5670000314712524]
15, [-0.0015514419646933675, -0.15070044994354248, 0.5380000472068787]
17, [0.09280701726675034, -0.15452854335308075, 0.5910000205039978]
0, [-0.04200967773795128, -0.10505884140729904, 0.5430000424385071]
1, [0.08553943783044815, 0.013940679840743542, 0.6180000305175781]
2, [-0.06607729196548462, 0.035309597849845886, 0.7390000224113464]
3, [-0.12082535028457642, 0.26830363273620605, 0.7680000066757202]
5, [0.21512538194656372, -0.00798241887241602, 0.5420000553131104]
14, [-0.05834125727415085, -0.1465616524219513, 0.5750000476837158]
15, [-0.0015572092961519957, -0.15126065909862518, 0.5400000214576721]
17, [0.08907345682382584, -0.1580360382795334, 0.5920000076293945]
0, [-0.042164407670497894, -0.10843411087989807, 0.5450000166893005]
1, [0.08931093662977219, 0.013895564712584019, 0.6160000562667847]
2, [-0.06138630583882332, 0.03052954003214836, 0.7410000562667847]
3, [-0.1280461847782135, 0.2831796109676361, 0.7560000419616699]
5, [0.222249373793602, -0.00798241887241602, 0.5420000553131104]
6, [0.31348446011543274, 0.1276078075170517, 0.550000011920929]
14, [-0.054808251559734344, -0.14929915964603424, 0.5710000395774841]
15, [-0.005124976858496666, -0.15182089805603027, 0.5420000553131104]
17, [0.08554131537675858, -0.15750212967395782, 0.5900000333786011]
0, [-0.04523201286792755, -0.1056392639875412, 0.5460000038146973]
1, [0.09253408014774323, 0.017919573932886124, 0.6150000095367432]
2, [-0.06105493754148483, 0.03925512358546257, 0.737000048160553]
3, [-0.1214546486735344, 0.2654680609703064, 0.7720000147819519]
5, [0.23019830882549286, -0.004375435411930084, 0.5370000004768372]
14, [-0.058645643293857574, -0.15112943947315216, 0.578000009059906]
15, [-0.005181710701435804, -0.14989584684371948, 0.5480000376701355]
17, [0.08952484279870987, -0.15557442605495453, 0.5950000286102295]
0, [-0.04548054188489914, -0.10922995954751968, 0.5490000247955322]
1, [0.08945591747760773, 0.017977850511670113, 0.6170000433921814]
2, [-0.06138630583882332, 0.03540515899658203, 0.7410000562667847]
3, [-0.1214546486735344, 0.2654680609703064, 0.7720000147819519]
5, [0.2275133728981018, -0.0043917312286794186, 0.5390000343322754]
14, [-0.05874711275100708, -0.1513909101486206, 0.5790000557899475]
15, [-0.005200622137635946, -0.15044289827346802, 0.550000011920929]
17, [0.08583128452301025, -0.1547900140285492, 0.5920000076293945]
0, [-0.04572907090187073, -0.1068001464009285, 0.5520000457763672]
1, [0.0897458866238594, 0.018036125227808952, 0.6190000176429749]
2, [-0.06138630583882332, 0.039468176662921906, 0.7410000562667847]
3, [-0.1211400032043457, 0.26478031277656555, 0.7700000405311584]
5, [0.22563321888446808, -0.007997146807610989, 0.5430000424385071]
14, [-0.05884857475757599, -0.1478361040353775, 0.5800000429153442]
15, [-0.00521007739007473, -0.1543418914079666, 0.5509999990463257]
17, [0.08194068819284439, -0.1580360382795334, 0.5920000076293945]
0, [-0.045811913907527924, -0.1100258082151413, 0.5530000329017639]
1, [0.09003586322069168, 0.018094399943947792, 0.6210000514984131]
2, [-0.06130346283316612, 0.0394149124622345, 0.7400000095367432]
3, [-0.1197240799665451, 0.28505247831344604, 0.7610000371932983]
5, [0.2203012853860855, -0.008041328750550747, 0.5460000038146973]
14, [-0.05905149504542351, -0.14834587275981903, 0.5820000171661377]
15, [-0.008847253397107124, -0.15462201833724976, 0.5520000457763672]
17, [0.08194068819284439, -0.1580360382795334, 0.5920000076293945]
0, [-0.04944620653986931, -0.10699362307786942, 0.5530000329017639]
1, [0.09298546612262726, 0.018006987869739532, 0.6180000305175781]
2, [-0.061469148844480515, 0.039521440863609314, 0.7420000433921814]
3, [-0.1115720346570015, 0.23966839909553528, 0.7680000066757202]
5, [0.2234795242547989, -0.004440618678927422, 0.5450000166893005]
14, [-0.05905149504542351, -0.14834587275981903, 0.5820000171661377]
15, [-0.008911363780498505, -0.1520841121673584, 0.5560000538825989]
17, [0.08207911252975464, -0.15830299258232117, 0.593000054359436]
0, [-0.049625031650066376, -0.10738057643175125, 0.5550000071525574]
1, [0.09018084406852722, 0.018123537302017212, 0.6220000386238098]
2, [-0.05748285353183746, 0.035500720143318176, 0.7430000305175781]
3, [-0.12719932198524475, 0.28130674362182617, 0.7510000467300415]
5, [0.22835756838321686, -0.004408027045428753, 0.5410000085830688]
14, [-0.05905149504542351, -0.14834587275981903, 0.5820000171661377]
15, [-0.008863280527293682, -0.1549021303653717, 0.5530000329017639]
17, [0.08655621111392975, -0.1593707948923111, 0.597000002861023]
0, [-0.04953561723232269, -0.10718709975481033, 0.5540000200271606]
1, [0.09032583236694336, 0.014053468592464924, 0.6230000257492065]
2, [-0.05709602311253548, 0.035261817276477814, 0.7380000352859497]
3, [-0.12176930159330368, 0.26615580916404724, 0.7740000486373901]
5, [0.2230694741010666, -0.004432471003383398, 0.5440000295639038]
6, [0.3247673809528351, 0.14353807270526886, 0.5580000281333923]
14, [-0.05905149504542351, -0.14834587275981903, 0.5820000171661377]
15, [-0.008895335718989372, -0.15181055665016174, 0.5550000071525574]
17, [0.08655621111392975, -0.1593707948923111, 0.597000002861023]
0, [-0.04597759619355202, -0.10738057643175125, 0.5550000071525574]
1, [0.09018084406852722, 0.014030911028385162, 0.6220000386238098]
2, [-0.06155199185013771, 0.035500720143318176, 0.7430000305175781]
3, [-0.12718379497528076, 0.2668435275554657, 0.7760000228881836]
5, [0.2203012853860855, -0.008041328750550747, 0.5460000038146973]
14, [-0.05884857475757599, -0.1478361040353775, 0.5800000429153442]
15, [-0.008911363780498505, -0.1520841121673584, 0.5560000538825989]
17, [0.0785655826330185, -0.15452854335308075, 0.5910000205039978]
0, [-0.04597759619355202, -0.10738057643175125, 0.5550000071525574]
1, [0.08989086747169495, 0.018065260723233223, 0.6200000047683716]
2, [-0.06163483113050461, 0.03554849699139595, 0.7440000176429749]
3, [-0.12161198258399963, 0.2658119201660156, 0.7730000615119934]
5, [0.22835756838321686, -0.004408027045428753, 0.5410000085830688]
14, [-0.0589500330388546, -0.14809098839759827, 0.581000030040741]
15, [-0.00897547323256731, -0.15317822992801666, 0.5600000023841858]
17, [0.08221752196550369, -0.15856994688510895, 0.5940000414848328]
0, [-0.04944620653986931, -0.10699362307786942, 0.5530000329017639]
1, [0.09018084406852722, 0.014030911028385162, 0.6220000386238098]
2, [-0.06155199185013771, 0.035500720143318176, 0.7430000305175781]
3, [-0.1268559992313385, 0.2703997492790222, 0.7740000486373901]
5, [0.2230694741010666, -0.008011873811483383, 0.5440000295639038]
14, [-0.05884857475757599, -0.1478361040353775, 0.5800000429153442]
15, [-0.012042385526001453, -0.15317822992801666, 0.5600000023841858]
17, [0.08221752196550369, -0.15856994688510895, 0.5940000414848328]
0, [-0.049356792122125626, -0.1068001464009285, 0.5520000457763672]
1, [0.08623150736093521, 0.014053468592464924, 0.6230000257492065]
2, [-0.061469148844480515, 0.039521440863609314, 0.7420000433921814]
3, [-0.12082535028457642, 0.28767451643943787, 0.7680000066757202]
5, [0.22388955950737, -0.011035130359232426, 0.5460000038146973]
14, [-0.05884857475757599, -0.1478361040353775, 0.5800000429153442]
15, [-0.011999377980828285, -0.15263116359710693, 0.5580000281333923]
17, [0.08194068819284439, -0.1547900140285492, 0.5920000076293945]
0, [-0.049625031650066376, -0.10372879356145859, 0.5550000071525574]
1, [0.08989086747169495, 0.018065260723233223, 0.6200000047683716]
2, [-0.06138630583882332, 0.039468176662921906, 0.7410000562667847]
3, [-0.11988140642642975, 0.285427063703537, 0.7620000243186951]
5, [0.22521770000457764, -0.004416175186634064, 0.5420000553131104]
14, [-0.05874711275100708, -0.14758121967315674, 0.5790000557899475]
15, [-0.0119133610278368, -0.15518222749233246, 0.5540000200271606]
17, [0.08207911252975464, -0.15830299258232117, 0.593000054359436]
0, [-0.045811913907527924, -0.10699362307786942, 0.5530000329017639]
1, [0.09003586322069168, 0.018094399943947792, 0.6210000514984131]
2, [-0.057173389941453934, 0.035309597849845886, 0.7390000224113464]
3, [-0.12488923966884613, 0.285427063703537, 0.7620000243186951]
5, [0.2226594239473343, -0.0044243233278393745, 0.5430000424385071]
14, [-0.05844271928071976, -0.14681653678417206, 0.5760000348091125]
15, [-0.011891856789588928, -0.1512635052204132, 0.5530000329017639]
17, [0.07869851589202881, -0.1580360382795334, 0.5920000076293945]
0, [-0.04944620653986931, -0.10699362307786942, 0.5530000329017639]
1, [0.08989086747169495, 0.018065260723233223, 0.6200000047683716]
2, [-0.06113777682185173, 0.0441642664372921, 0.7380000352859497]
3, [-0.124725341796875, 0.28505247831344604, 0.7610000371932983]
5, [0.2248021513223648, -0.004408027045428753, 0.5410000085830688]
14, [-0.05874711275100708, -0.14758121967315674, 0.5790000557899475]
15, [-0.008863280527293682, -0.1512635052204132, 0.5530000329017639]
17, [0.0824943408370018, -0.1630253940820694, 0.5960000157356262]
0, [-0.04589475318789482, -0.10718709975481033, 0.5540000200271606]
1, [0.08623150736093521, 0.014053468592464924, 0.6230000257492065]
2, [-0.06138630583882332, 0.039468176662921906, 0.7410000562667847]
3, [-0.12505313754081726, 0.28580161929130554, 0.7630000114440918]
5, [0.22835756838321686, -0.004408027045428753, 0.5410000085830688]
15, [-0.008863280527293682, -0.1512635052204132, 0.5530000329017639]
17, [0.08207911252975464, -0.15830299258232117, 0.593000054359436]
0, [-0.04589475318789482, -0.10718709975481033, 0.5540000200271606]
1, [0.09003586322069168, 0.0140083534643054, 0.6210000514984131]
2, [-0.05732812359929085, 0.03540515899658203, 0.7410000562667847]
3, [-0.1263643056154251, 0.26935169100761414, 0.7710000276565552]
5, [0.2203012853860855, -0.008041328750550747, 0.5460000038146973]
14, [-0.05874711275100708, -0.14758121967315674, 0.5790000557899475]
15, [-0.008863280527293682, -0.1512635052204132, 0.5530000329017639]
17, [0.08207911252975464, -0.15830299258232117, 0.593000054359436]
0, [-0.04589475318789482, -0.10718709975481033, 0.5540000200271606]
1, [0.0897458866238594, 0.018036125227808952, 0.6190000176429749]
2, [-0.06130346283316612, 0.0394149124622345, 0.7400000095367432]
3, [-0.12176930159330368, 0.2610630393028259, 0.7740000486373901]
5, [0.22877970337867737, -0.00798241887241602, 0.5420000553131104]
14, [-0.05884857475757599, -0.1478361040353775, 0.5800000429153442]
15, [-0.008863280527293682, -0.1512635052204132, 0.5530000329017639]
17, [0.08180227875709534, -0.15452854335308075, 0.5910000205039978]
0, [-0.045811913907527924, -0.10699362307786942, 0.5530000329017639]
1, [0.08989086747169495, 0.018065260723233223, 0.6200000047683716]
2, [-0.05732812359929085, 0.03540515899658203, 0.7410000562667847]
3, [-0.11988140642642975, 0.285427063703537, 0.7620000243186951]
5, [0.22646427154541016, -0.008026601746678352, 0.5450000166893005]
14, [-0.05884857475757599, -0.1478361040353775, 0.5800000429153442]
15, [-0.005228989291936159, -0.1512635052204132, 0.5530000329017639]
17, [0.08641122281551361, -0.15910384058952332, 0.5960000157356262]
0, [-0.04589475318789482, -0.10354189574718475, 0.5540000200271606]
1, [0.0897458866238594, 0.013963237404823303, 0.6190000176429749]
2, [-0.06130346283316612, 0.0394149124622345, 0.7400000095367432]
3, [-0.12587261199951172, 0.2733568847179413, 0.7680000066757202]
5, [0.22835756838321686, -0.004408027045428753, 0.5410000085830688]
15, [-0.008863280527293682, -0.1512635052204132, 0.5530000329017639]
17, [0.08641122281551361, -0.15910384058952332, 0.5960000157356262]
0, [-0.045811913907527924, -0.10699362307786942, 0.5530000329017639]
1, [0.08960090577602386, 0.018006987869739532, 0.6180000305175781]
2, [-0.06105493754148483, 0.03925512358546257, 0.737000048160553]
3, [-0.12035337835550308, 0.2865507900714874, 0.76500004529953]
5, [0.22604875266551971, -0.008011873811483383, 0.5440000295639038]
15, [-0.005228989291936159, -0.1512635052204132, 0.5530000329017639]
17, [0.08207911252975464, -0.15830299258232117, 0.593000054359436]
0, [-0.045811913907527924, -0.10699362307786942, 0.5530000329017639]
1, [0.0897458866238594, 0.013963237404823303, 0.6190000176429749]
2, [-0.061469148844480515, 0.035452939569950104, 0.7420000433921814]
3, [-0.11577809602022171, 0.28767451643943787, 0.7680000066757202]
5, [0.22793547809123993, -0.004399879369884729, 0.5400000214576721]
15, [-0.008863280527293682, -0.1512635052204132, 0.5530000329017639]
17, [0.08194068819284439, -0.1580360382795334, 0.5920000076293945]
0, [-0.04572907090187073, -0.1068001464009285, 0.5520000457763672]
1, [0.08960090577602386, 0.018006987869739532, 0.6180000305175781]
2, [-0.06105493754148483, 0.03925512358546257, 0.737000048160553]
3, [-0.12161198258399963, 0.2658119201660156, 0.7730000615119934]
5, [0.2275133728981018, -0.0043917312286794186, 0.5390000343322754]
15, [-0.005191166419535875, -0.15378166735172272, 0.5490000247955322]
17, [0.08166386932134628, -0.1542670726776123, 0.5900000333786011]
0, [-0.042783334851264954, -0.1100258082151413, 0.5530000329017639]
1, [0.0897458866238594, 0.018036125227808952, 0.6190000176429749]
2, [-0.06097209453582764, 0.03920185938477516, 0.7360000610351562]
3, [-0.10638607293367386, 0.2536553144454956, 0.7670000195503235]
5, [0.22521770000457764, -0.004416175186634064, 0.5420000553131104]
15, [-0.008863280527293682, -0.1512635052204132, 0.5530000329017639]
17, [0.08207911252975464, -0.15830299258232117, 0.593000054359436]
0, [-0.042705971747636795, -0.1068001464009285, 0.5520000457763672]
1, [0.08960090577602386, 0.018006987869739532, 0.6180000305175781]
2, [-0.06105493754148483, 0.03925512358546257, 0.737000048160553]
3, [-0.12872368097305298, 0.2846779227256775, 0.7600000500679016]
5, [0.2226594239473343, -0.007997146807610989, 0.5430000424385071]
15, [-0.005219533573836088, -0.15098997950553894, 0.5520000457763672]
17, [0.08207911252975464, -0.15830299258232117, 0.593000054359436]
0, [-0.045811913907527924, -0.10699362307786942, 0.5530000329017639]
1, [0.08945591747760773, 0.017977850511670113, 0.6170000433921814]
2, [-0.06130346283316612, 0.03535737842321396, 0.7400000095367432]
3, [-0.12161198258399963, 0.2658119201660156, 0.7730000615119934]
5, [0.222249373793602, -0.004416175186634064, 0.5420000553131104]
15, [-0.005219533573836088, -0.15098997950553894, 0.5520000457763672]
17, [0.08612126111984253, -0.15531295537948608, 0.5940000414848328]
0, [-0.04572907090187073, -0.1068001464009285, 0.5520000457763672]
1, [0.09253408014774323, 0.017919573932886124, 0.6150000095367432]
2, [-0.06105493754148483, 0.03925512358546257, 0.737000048160553]
3, [-0.11623035371303558, 0.26935169100761414, 0.7710000276565552]
5, [0.22521770000457764, -0.00798241887241602, 0.5420000553131104]
14, [-0.05461627617478371, -0.1412884145975113, 0.5690000057220459]
15, [-0.005191166419535875, -0.15378166735172272, 0.5490000247955322]
17, [0.08180227875709534, -0.15452854335308075, 0.5910000205039978]
0, [-0.04564622417092323, -0.10298119485378265, 0.5509999990463257]
1, [0.0859546810388565, 0.0140083534643054, 0.6210000514984131]
2, [-0.06097209453582764, 0.03920185938477516, 0.7360000610351562]
3, [-0.12129732966423035, 0.26935169100761414, 0.7710000276565552]
5, [0.2226594239473343, -0.007997146807610989, 0.5430000424385071]
14, [-0.054808251559734344, -0.14178504049777985, 0.5710000395774841]
15, [-0.008863280527293682, -0.1512635052204132, 0.5530000329017639]
17, [0.08626624196767807, -0.15557442605495453, 0.5950000286102295]
0, [-0.04564622417092323, -0.10660666227340698, 0.5509999990463257]
1, [0.0859546810388565, 0.018094399943947792, 0.6210000514984131]
2, [-0.06113777682185173, 0.035261817276477814, 0.7380000352859497]
3, [-0.12587261199951172, 0.28767451643943787, 0.7680000066757202]
5, [0.22521770000457764, -0.004416175186634064, 0.5420000553131104]
15, [-0.005191166419535875, -0.15378166735172272, 0.5490000247955322]
17, [0.08626624196767807, -0.15883690118789673, 0.5950000286102295]
0, [-0.04255123808979988, -0.10641318559646606, 0.550000011920929]
1, [0.08945591747760773, 0.01391812227666378, 0.6170000433921814]
2, [-0.06130346283316612, 0.03535737842321396, 0.7400000095367432]
3, [-0.12176930159330368, 0.2703997492790222, 0.7740000486373901]
5, [0.2275133728981018, -0.0043917312286794186, 0.5390000343322754]
14, [-0.054328322410583496, -0.14054349064826965, 0.5660000443458557]
15, [-0.005191166419535875, -0.15378166735172272, 0.5490000247955322]
17, [0.08626624196767807, -0.15883690118789673, 0.5950000286102295]
0, [-0.042396508157253265, -0.10903099924325943, 0.5480000376701355]
1, [0.09253408014774323, 0.013873006217181683, 0.6150000095367432]
2, [-0.061469148844480515, 0.035452939569950104, 0.7420000433921814]
3, [-0.12570872902870178, 0.2872999310493469, 0.7670000195503235]
5, [0.222249373793602, -0.00798241887241602, 0.5420000553131104]
6, [0.3205583095550537, 0.13265827298164368, 0.5560000538825989]
14, [-0.055096209049224854, -0.14630675315856934, 0.5740000009536743]
15, [-0.005172255448997021, -0.15322145819664001, 0.5470000505447388]
17, [0.08612126111984253, -0.15856994688510895, 0.5940000414848328]
0, [-0.0385826900601387, -0.10843411087989807, 0.5450000166893005]
1, [0.09238361567258835, 0.017890436574816704, 0.6140000224113464]
2, [-0.05709602311253548, 0.035261817276477814, 0.7380000352859497]
3, [-0.1211400032043457, 0.26478031277656555, 0.7700000405311584]
5, [0.23062700033187866, -0.007923508062958717, 0.5380000472068787]
14, [-0.05528818443417549, -0.14681653678417206, 0.5760000348091125]
15, [-0.0015716279158368707, -0.15266121923923492, 0.5450000166893005]
17, [0.08922392129898071, -0.1622048169374466, 0.593000054359436]
0, [-0.03546729311347008, -0.10803619027137756, 0.5430000424385071]
1, [0.08960090577602386, 0.013940679840743542, 0.6180000305175781]
2, [-0.05709602311253548, 0.035261817276477814, 0.7380000352859497]
3, [-0.12906242907047272, 0.285427063703537, 0.7620000243186951]
5, [0.22976964712142944, -0.004367287270724773, 0.5360000133514404]
14, [-0.05123449116945267, -0.14605186879634857, 0.5730000138282776]
15, [-0.0015687443083152175, -0.15238110721111298, 0.5440000295639038]
17, [0.0886220708489418, -0.16111068427562714, 0.5890000462532043]
1, [0.0926845446228981, 0.013895564712584019, 0.6160000562667847]
2, [-0.057173389941453934, 0.035309597849845886, 0.7390000224113464]
3, [-0.13177239894866943, 0.2624122202396393, 0.7780000567436218]
5, [0.22438663244247437, -0.004399879369884729, 0.5400000214576721]
14, [-0.043634358793497086, -0.14746886491775513, 0.5640000104904175]
15, [0.004976521711796522, -0.15210101008415222, 0.5430000424385071]
17, [0.09202184528112411, -0.15322118997573853, 0.5860000252723694]
0, [-0.027964936569333076, -0.11017021536827087, 0.5360000133514404]
1, [0.09641879051923752, 0.017890436574816704, 0.6140000224113464]
2, [-0.05709602311253548, 0.035261817276477814, 0.7380000352859497]
3, [-0.1314336508512497, 0.2566317021846771, 0.7760000228881836]
5, [0.22793547809123993, -0.004399879369884729, 0.5400000214576721]
14, [-0.043634358793497086, -0.14746886491775513, 0.5640000104904175]
15, [0.011327982880175114, -0.1495799869298935, 0.534000039100647]
17, [0.09958957135677338, -0.15723519027233124, 0.5890000462532043]
0, [-0.024936068803071976, -0.10624553263187408, 0.534000039100647]
1, [0.09283500909805298, 0.01391812227666378, 0.6170000433921814]
2, [-0.057173389941453934, 0.030447136610746384, 0.7390000224113464]
3, [-0.12957054376602173, 0.2529938817024231, 0.76500004529953]
5, [0.2366683930158615, -0.004375435411930084, 0.5370000004768372]
14, [-0.03690427169203758, -0.14773032069206238, 0.5649999976158142]
15, [0.011370409280061722, -0.1501402109861374, 0.5360000133514404]
17, [0.10346044600009918, -0.16111068427562714, 0.5890000462532043]
0, [-0.0178501158952713, -0.10584760457277298, 0.5320000052452087]
1, [0.09298546612262726, 0.0098743736743927, 0.6180000305175781]
2, [-0.052387505769729614, 0.025619298219680786, 0.7400000095367432]
3, [-0.1306237280368805, 0.24284933507442474, 0.7200000286102295]
5, [0.22835756838321686, -0.004408027045428753, 0.5410000085830688]
6, [0.33030232787132263, 0.15643760561943054, 0.5560000538825989]
14, [-0.03677364066243172, -0.14720739424228668, 0.5630000233650208]
15, [0.01779518835246563, -0.14986009895801544, 0.5350000262260437]
17, [0.108242467045784, -0.16247834265232086, 0.5940000414848328]
0, [-0.017883669584989548, -0.10604657232761383, 0.5330000519752502]
1, [0.09688989818096161, 0.006475290283560753, 0.6170000433921814]
2, [-0.05210433527827263, 0.02144521474838257, 0.7360000610351562]
3, [-0.12193004041910172, 0.22538286447525024, 0.6930000185966492]
5, [0.23887203633785248, -0.010954288765788078, 0.5420000553131104]
14, [-0.03301488608121872, -0.14694592356681824, 0.562000036239624]
15, [0.017928237095475197, -0.15098054707050323, 0.5390000343322754]
17, [0.10416306555271149, -0.1622048169374466, 0.593000054359436]
0, [-0.014992700889706612, -0.1097591370344162, 0.534000039100647]
1, [0.09720396250486374, 0.006496279966086149, 0.6190000176429749]
2, [-0.051821157336235046, 0.01651226170361042, 0.7320000529289246]
3, [-0.11846847832202911, 0.20807716250419617, 0.6530000567436218]
5, [0.2374807894229889, -0.004456914961338043, 0.5470000505447388]
14, [-0.0332498662173748, -0.14799180626869202, 0.5660000443458557]
15, [0.017928237095475197, -0.153935968875885, 0.5390000343322754]
17, [0.10433872044086456, -0.16638673841953278, 0.5940000414848328]
0, [-0.014964625239372253, -0.10955360531806946, 0.5330000519752502]
1, [0.10045398026704788, 0.0024038180708885193, 0.6140000224113464]
2, [-0.047159090638160706, 0.011536081321537495, 0.7220000624656677]
3, [-0.11175587028265, 0.19628718495368958, 0.6160000562667847]
5, [0.24451756477355957, -0.008070784620940685, 0.5480000376701355]
14, [-0.029686657711863518, -0.14877620339393616, 0.5690000057220459]
15, [0.024919992312788963, -0.1568981111049652, 0.5370000004768372]
17, [0.10842468589544296, -0.16275186836719513, 0.5950000286102295]
0, [-0.008526699617505074, -0.1157655343413353, 0.5320000052452087]
1, [0.09610473364591599, 0.0023959879763424397, 0.612000048160553]
2, [-0.046832501888275146, 0.01145619060844183, 0.7170000076293945]
5, [0.24496375024318695, -0.011095764115452766, 0.5490000247955322]
14, [-0.0295823123306036, -0.14825327694416046, 0.5670000314712524]
15, [0.024827182292938232, -0.1592472642660141, 0.5350000262260437]
17, [0.11093246936798096, -0.1687869280576706, 0.5910000205039978]
0, [-0.008510672487318516, -0.11554793268442154, 0.531000018119812]
1, [0.10314029455184937, 0.00238815788179636, 0.6100000143051147]
2, [-0.04182668402791023, 0.01137630082666874, 0.7120000123977661]
5, [0.24942371249198914, -0.007997146807610989, 0.5430000424385071]
14, [-0.026570454239845276, -0.15189611911773682, 0.5690000057220459]
15, [0.027757178992033005, -0.15631377696990967, 0.5350000262260437]
17, [0.10587351769208908, -0.16593098640441895, 0.581000030040741]
0, [-0.005002052988857031, -0.11511272937059402, 0.5290000438690186]
1, [0.11079363524913788, 0.002380328020080924, 0.6080000400543213]
2, [-0.04170919582247734, 0.011344345286488533, 0.7100000381469727]
5, [0.2489643692970276, -0.00798241887241602, 0.5420000553131104]
14, [-0.022750763222575188, -0.15136222541332245, 0.5670000314712524]
15, [0.03103935532271862, -0.1580566167831421, 0.531000018119812]
17, [0.11765368282794952, -0.16498617827892303, 0.5890000462532043]
0, [-0.004983141552656889, -0.11467751115560532, 0.5270000100135803]
1, [0.1026330515742302, -0.0009518612641841173, 0.6070000529289246]
2, [-0.036938756704330444, 0.0074303168803453445, 0.7080000042915344]
3, [-0.06949836760759354, 0.12326695024967194, 0.39500001072883606]
5, [0.24540238082408905, -0.004416175186634064, 0.5420000553131104]
14, [-0.022630387917160988, -0.15427236258983612, 0.5640000104904175]
15, [0.03452906385064125, -0.1580566167831421, 0.531000018119812]
17, [0.12173089385032654, -0.1685013473033905, 0.5900000333786011]
0, [-0.0015197210013866425, -0.11814506351947784, 0.5270000100135803]
1, [0.11079363524913788, 0.002380328020080924, 0.6080000400543213]
2, [-0.036886584013700485, 0.007419821806252003, 0.7070000171661377]
3, [-0.07129878550767899, 0.12048793584108353, 0.3930000066757202]
5, [0.2536091208457947, -0.007923508062958717, 0.5380000472068787]
14, [-0.018756043165922165, -0.1529046893119812, 0.5590000152587891]
15, [0.03452906385064125, -0.1580566167831421, 0.531000018119812]
17, [0.12090559303760529, -0.16735894978046417, 0.5860000252723694]
0, [-0.0015168372774496675, -0.1179208755493164, 0.5260000228881836]
1, [0.11042917519807816, 0.0023724976927042007, 0.6060000061988831]
2, [-0.03678223863244057, 0.007398832589387894, 0.7050000429153442]
3, [-0.10551954805850983, 0.18348729610443115, 0.6230000257492065]
5, [0.2536091208457947, -0.007923508062958717, 0.5380000472068787]
14, [-0.018655385822057724, -0.15574246644973755, 0.5560000538825989]
15, [0.03708463907241821, -0.1600293070077896, 0.5260000228881836]
17, [0.11987397819757462, -0.16593098640441895, 0.581000030040741]
0, [0.0013586842687800527, -0.11747251451015472, 0.5240000486373901]
1, [0.11024694889783859, -0.0009487249189987779, 0.6050000190734863]
2, [-0.036938756704330444, 0.0027718290220946074, 0.7080000042915344]
3, [-0.10873415321111679, 0.1854032725095749, 0.6180000305175781]
5, [0.2536091208457947, -0.004383583553135395, 0.5380000472068787]
14, [-0.015526148490607738, -0.1549021303653717, 0.5530000329017639]
15, [0.037296149879693985, -0.15746131539344788, 0.5290000438690186]
17, [0.12390517443418503, -0.16621656715869904, 0.5820000171661377]
0, [0.0013586842687800527, -0.11747251451015472, 0.5240000486373901]
1, [0.11042917519807816, -0.0009502930333837867, 0.6060000061988831]
2, [-0.036886584013700485, 0.002767914207652211, 0.7070000171661377]
3, [-0.10891009867191315, 0.18230921030044556, 0.6190000176429749]
5, [0.2531377077102661, -0.004375435411930084, 0.5370000004768372]
14, [-0.015638453885912895, -0.1560225784778595, 0.5570000410079956]
15, [0.0371551439166069, -0.1603335291147232, 0.5270000100135803]
17, [0.12347938865423203, -0.1694616675376892, 0.5800000429153442]
0, [0.0013586842687800527, -0.11747251451015472, 0.5240000486373901]
1, [0.11061140894889832, 0.006370342802256346, 0.6070000529289246]
2, [-0.03673006594181061, 0.007388337980955839, 0.7040000557899475]
5, [0.2536091208457947, -0.004383583553135395, 0.5380000472068787]
14, [-0.015638453885912895, -0.1560225784778595, 0.5570000410079956]
15, [0.0371551439166069, -0.1603335291147232, 0.5270000100135803]
17, [0.12709257006645203, -0.16621656715869904, 0.5820000171661377]
