1, [-0.011663258075714111, 0.07759364694356918, 0.5085000395774841]
17, [-0.002771824598312378, -0.10991670191287994, 0.5275000333786011]
1, [-0.015085050836205482, 0.07782723754644394, 0.5100000500679016]
17, [-0.002775765722617507, -0.11007297784090042, 0.5282500386238098]
1, [-0.015077654272317886, 0.0777890756726265, 0.5097500085830688]
17, [-0.005568426568061113, -0.1040618047118187, 0.5160000324249268]
1, [-0.015099838376045227, 0.07790353149175644, 0.5105000138282776]
17, [-0.0027678837068378925, -0.10976041853427887, 0.5267500281333923]
1, [-0.018509306013584137, 0.0779855027794838, 0.5110000371932983]
17, [-0.0028086069505661726, -0.11137530207633972, 0.534500002861023]
1, [-0.015062866732478142, 0.077712781727314, 0.5092500448226929]
17, [-0.005600967910140753, -0.10809547454118729, 0.518750011920929]
1, [-0.015055470168590546, 0.07767462730407715, 0.5090000033378601]
17, [-0.002774451859295368, -0.11002087593078613, 0.527999997138977]
1, [-0.01853140816092491, 0.07525017857551575, 0.5117500424385071]
17, [-0.0027783927507698536, -0.11017715930938721, 0.5287500023841858]
1, [-0.018500249832868576, 0.07794734090566635, 0.5107499957084656]
17, [-0.002800725167617202, -0.11106275022029877, 0.5330000519752502]
1, [-0.018473085016012192, 0.07783288508653641, 0.5100000500679016]
14, [-0.14155524969100952, -0.10921144485473633, 0.491750031709671]
17, [-0.002803352428600192, -0.11116693168878555, 0.5335000157356262]
1, [-0.015001535415649414, 0.08075962215662003, 0.5070000290870667]
17, [-0.005603667348623276, -0.10814757645130157, 0.5190000534057617]
1, [-0.015058614313602448, 0.07487707585096359, 0.5092500448226929]
17, [-0.0028217434883117676, -0.11189623177051544, 0.5370000004768372]
1, [-0.018504248932003975, 0.07513989508152008, 0.5110000371932983]
17, [-0.0027534335386008024, -0.10918739438056946, 0.5240000486373901]
1, [-0.015016330406069756, 0.08083926886320114, 0.5075000524520874]
17, [-0.002800725167617202, -0.11106275022029877, 0.5330000519752502]
1, [-0.015080791898071766, 0.07498735189437866, 0.5100000500679016]
17, [-0.0055901710875332355, -0.10788709670305252, 0.5177500247955322]
1, [-0.015048076398670673, 0.0776364728808403, 0.5087500214576721]
17, [-0.002774451859295368, -0.11002087593078613, 0.527999997138977]
1, [-0.015080791898071766, 0.07498735189437866, 0.5100000500679016]
17, [-0.0028072933200746775, -0.11132321506738663, 0.534250020980835]
1, [-0.015062866732478142, 0.077712781727314, 0.5092500448226929]
17, [-0.0027067868504673243, -0.10395896434783936, 0.515500009059906]
1, [-0.015040682628750801, 0.07759832590818405, 0.5085000395774841]
17, [-0.002724532736465335, -0.10804134607315063, 0.518500030040741]
1, [-0.015070260502398014, 0.07775092869997025, 0.5095000267028809]
17, [-0.0027626289520412683, -0.1095520481467247, 0.5257500410079956]
1, [-0.011571511626243591, 0.07698327302932739, 0.5045000314712524]
17, [-0.002728473860770464, -0.10819762200117111, 0.5192500352859497]
1, [-0.015025892294943333, 0.07752202451229095, 0.5080000162124634]
17, [-0.002744237659499049, -0.10882273316383362, 0.5222499966621399]
1, [-0.011594447307288647, 0.07713586091995239, 0.5055000185966492]
17, [-0.0027192782144993544, -0.10783297568559647, 0.5175000429153442]
1, [-0.015040682628750801, 0.07759832590818405, 0.5085000395774841]
17, [-0.00271139619871974, -0.10752040892839432, 0.5160000324249268]
1, [-0.011547060683369637, 0.08015751093626022, 0.503250002861023]
17, [0.0007311566732823849, -0.11281005293130875, 0.5245000123977661]
1, [-0.015062866732478142, 0.077712781727314, 0.5092500448226929]
2, [-0.1560055911540985, 0.12166949361562729, 0.6577500104904175]
17, [0.0007248222827911377, -0.10819613188505173, 0.5192500352859497]
1, [-0.01157574262470007, 0.08035661280155182, 0.5045000314712524]
2, [-0.15828196704387665, 0.1329653263092041, 0.6515000462532043]
17, [0.004206188954412937, -0.1089249923825264, 0.5227500200271606]
1, [-0.01155067142099142, 0.08296363800764084, 0.503250002861023]
2, [-0.14889724552631378, 0.13965363800525665, 0.6455000042915344]
17, [0.0072041843086481094, -0.10693211108446121, 0.5302500128746033]
1, [-0.015013398602604866, 0.08362798392772675, 0.5072500109672546]
2, [-0.16221557557582855, 0.13696572184562683, 0.6495000123977661]
17, [0.0071066590026021, -0.10897750407457352, 0.5230000019073486]
1, [-0.015105095691978931, 0.08131712675094604, 0.5105000138282776]
2, [-0.15287092328071594, 0.1436482071876526, 0.643750011920929]
17, [0.0071949828416109085, -0.11033190786838531, 0.5295000076293945]
1, [-0.01168473158031702, 0.08111319690942764, 0.5092500448226929]
2, [-0.15355008840560913, 0.13995736837387085, 0.6467500329017639]
17, [0.010729588568210602, -0.10693362355232239, 0.5302500128746033]
1, [-0.011638840660452843, 0.08079463243484497, 0.5072500109672546]
2, [-0.1546165645122528, 0.13293759524822235, 0.6515000462532043]
17, [0.010790294036269188, -0.1075386330485344, 0.5332500338554382]
1, [-0.011720599606633186, 0.07797513157129288, 0.5110000371932983]
2, [-0.15479455888271332, 0.13309063017368317, 0.6522500514984131]
17, [0.010767059400677681, -0.11085435003042221, 0.5320000052452087]
1, [-0.011755004525184631, 0.07820402085781097, 0.5125000476837158]
2, [-0.16268204152584076, 0.13299843668937683, 0.6515000462532043]
17, [0.014631587080657482, -0.1097596064209938, 0.5442500114440918]
1, [-0.015193862840533257, 0.08179499953985214, 0.5135000348091125]
2, [-0.15874014794826508, 0.1297062784433365, 0.6535000205039978]
14, [-0.11636202037334442, -0.11806774139404297, 0.49025002121925354]
17, [0.014665192924439907, -0.11001170426607132, 0.5455000400543213]
1, [-0.011688385158777237, 0.08395278453826904, 0.5092500448226929]
2, [-0.1620577871799469, 0.13248808681964874, 0.6490000486373901]
17, [0.014315701089799404, -0.10738997161388397, 0.5325000286102295]
1, [-0.008841761387884617, 0.0870591402053833, 0.5075000524520874]
2, [-0.16127900779247284, 0.13617494702339172, 0.6457500457763672]
17, [0.014500328339636326, -0.11236769706010818, 0.5392500162124634]
1, [-0.011782247573137283, 0.08179013431072235, 0.5135000348091125]
2, [-0.15360793471336365, 0.132070392370224, 0.6472500562667847]
17, [0.01779746450483799, -0.11435035616159439, 0.5487500429153442]
1, [-0.0026415842585265636, 0.08649663627147675, 0.5042500495910645]
2, [-0.16071705520153046, 0.13570046424865723, 0.643500030040741]
17, [0.02154558151960373, -0.11487600207328796, 0.5512500405311584]
1, [-0.0026376552414149046, 0.08636798709630966, 0.5035000443458557]
2, [-0.1653852015733719, 0.13599669933319092, 0.6447500586509705]
14, [-0.11020197719335556, -0.11850597709417343, 0.4922500252723694]
17, [0.021467410027980804, -0.11445921659469604, 0.5492500066757202]
1, [-0.00544203445315361, 0.08996658027172089, 0.5047500133514404]
2, [-0.16121655702590942, 0.1361222118139267, 0.6455000042915344]
17, [0.02155989781022072, -0.11127986758947372, 0.5517500042915344]
1, [-0.002630270551890135, 0.08942998945713043, 0.5017500519752502]
2, [-0.159905344247818, 0.1350151002407074, 0.640250027179718]
17, [0.02122313156723976, -0.1131567731499672, 0.5430000424385071]
1, [-0.002631580922752619, 0.08947454392910004, 0.5020000338554382]
2, [-0.15974512696266174, 0.13844843208789825, 0.6395000219345093]
17, [0.021213358268141747, -0.11310466378927231, 0.5427500009536743]
1, [-0.005474479403346777, 0.08378151059150696, 0.5082499980926514]
2, [-0.1547916680574417, 0.13429725170135498, 0.6370000243186951]
17, [0.024378694593906403, -0.11383873224258423, 0.54625004529953]
1, [-0.005442064255475998, 0.08662710338830948, 0.5049999952316284]
2, [-0.15887083113193512, 0.1376907080411911, 0.6360000371932983]
17, [0.02099839225411415, -0.11195851862430573, 0.5372500419616699]
1, [-0.005455534905195236, 0.08684153109788895, 0.5062500238418579]
2, [-0.15921851992607117, 0.13443519175052643, 0.6375000476837158]
17, [0.02036326192319393, -0.10857214778661728, 0.5210000276565552]
1, [-0.005471786949783564, 0.08374030143022537, 0.5080000162124634]
2, [-0.15878145396709442, 0.1340661495923996, 0.6357500553131104]
17, [0.024289434775710106, -0.11342192441225052, 0.5442500114440918]
1, [-0.005469094030559063, 0.08369909226894379, 0.5077500343322754]
2, [-0.1551561802625656, 0.134613499045372, 0.6385000348091125]
17, [0.020783424377441406, -0.11081235855817795, 0.5317500233650208]
1, [-0.008891761302947998, 0.08134881407022476, 0.5107499957084656]
2, [-0.1557309925556183, 0.13082237541675568, 0.6410000324249268]
17, [0.02056845650076866, -0.10966619849205017, 0.5262500047683716]
1, [-0.005466980393975973, 0.08086800575256348, 0.5077500343322754]
2, [-0.15576453506946564, 0.12727490067481995, 0.6412500143051147]
17, [0.023999344557523727, -0.1120673269033432, 0.5377500057220459]
1, [-0.011714864522218704, 0.07793697714805603, 0.5107499957084656]
2, [-0.16177824139595032, 0.11997140198945999, 0.6482500433921814]
17, [0.020539142191410065, -0.1095099076628685, 0.5254999995231628]
1, [-0.008878705091774464, 0.08122936636209488, 0.5100000500679016]
2, [-0.16124895215034485, 0.12390174716711044, 0.6460000276565552]
17, [0.02036326192319393, -0.10857214778661728, 0.5210000276565552]
1, [-0.005488729104399681, 0.0778164342045784, 0.5100000500679016]
2, [-0.1562785804271698, 0.12338992208242416, 0.643500030040741]
17, [0.020763881504535675, -0.11070816218852997, 0.53125]
1, [-0.008879594504833221, 0.07785749435424805, 0.5102500319480896]
2, [-0.15554878115653992, 0.13066931068897247, 0.640250027179718]
17, [0.020646627992391586, -0.11008299142122269, 0.5282500386238098]
1, [-0.0054858229123055935, 0.0811467170715332, 0.5095000267028809]
2, [-0.16246452927589417, 0.12048033624887466, 0.6510000228881836]
17, [0.020353490486741066, -0.10852005332708359, 0.5207500457763672]
1, [-0.008913523517549038, 0.08154790848493576, 0.5120000243186951]
2, [-0.16112414002418518, 0.12380584329366684, 0.6455000042915344]
17, [0.02041211538016796, -0.10883263498544693, 0.5222499966621399]
1, [-0.005496022291481495, 0.08411120623350143, 0.5102500319480896]
2, [-0.16159352660179138, 0.12849853932857513, 0.6472500562667847]
17, [0.021164502948522568, -0.11284418404102325, 0.5415000319480896]
1, [-0.005495946854352951, 0.08748480677604675, 0.5100000500679016]
2, [-0.16426274180412292, 0.13078521192073822, 0.640500009059906]
17, [0.01736365631222725, -0.1151292473077774, 0.5352500081062317]
1, [-0.005528336390852928, 0.08460573852062225, 0.5132500529289246]
2, [-0.16146628558635712, 0.11974005401134491, 0.6470000147819519]
17, [0.017493417486548424, -0.11598962545394897, 0.5392500162124634]
1, [-0.0055369664914906025, 0.08190324157476425, 0.5142500400543213]
2, [-0.16177824139595032, 0.11997140198945999, 0.6482500433921814]
14, [-0.11648069322109222, -0.11818815767765045, 0.4907500147819519]
17, [0.01741231605410576, -0.11545189470052719, 0.5367500185966492]
1, [0.000724457495380193, 0.07838576287031174, 0.5137500166893005]
2, [-0.16134151816368103, 0.11964752525091171, 0.6465000510215759]
17, [0.014644701965153217, -0.11711584776639938, 0.5445000529289246]
1, [-0.0026986137963831425, 0.08214038610458374, 0.5157500505447388]
2, [-0.16030985116958618, 0.13105908036231995, 0.6420000195503235]
17, [0.01453303825110197, -0.1192249283194542, 0.5402500033378601]
1, [0.0007235567318275571, 0.08472631871700287, 0.5139999985694885]
2, [-0.1610317826271057, 0.12805184721946716, 0.6450000405311584]
17, [0.010683084838092327, -0.11351051181554794, 0.5277500152587891]
1, [-0.0027012298814952374, 0.08222001045942307, 0.5162500143051147]
2, [-0.15576453506946564, 0.12727490067481995, 0.6412500143051147]
17, [0.011077817529439926, -0.11770465224981308, 0.5472500324249268]
1, [-0.002710014348849654, 0.07907351106405258, 0.518250048160553]
2, [-0.16124895215034485, 0.12390174716711044, 0.6460000276565552]
17, [0.01475496869534254, -0.12104558199644089, 0.5485000014305115]
1, [0.0007297455449588597, 0.0789579227566719, 0.5175000429153442]
2, [-0.16112414002418518, 0.12380584329366684, 0.6455000042915344]
17, [0.01101883314549923, -0.12010502070188522, 0.5442500114440918]
1, [0.0007290404755622149, 0.07888163626194, 0.5170000195503235]
2, [-0.15694643557071686, 0.12391722947359085, 0.6462500095367432]
17, [0.011064386926591396, -0.12060154974460602, 0.546500027179718]
1, [0.0007297455449588597, 0.0789579227566719, 0.5175000429153442]
2, [-0.160345196723938, 0.12750588357448578, 0.6422500014305115]
17, [0.011099817231297493, -0.12098774313926697, 0.5482500195503235]
1, [-0.0055970000103116035, 0.07648371160030365, 0.5202500224113464]
2, [-0.15694643557071686, 0.12391722947359085, 0.6462500095367432]
17, [0.0072817010805010796, -0.11822774261236191, 0.5357500314712524]
1, [0.004135637078434229, 0.08182047307491302, 0.5137500166893005]
2, [-0.16030985116958618, 0.13105908036231995, 0.6420000195503235]
17, [0.007264710962772369, -0.1179518923163414, 0.534500002861023]
1, [-0.0027051542419940233, 0.08233945816755295, 0.5170000195503235]
2, [-0.16043470799922943, 0.1311611533164978, 0.6425000429153442]
17, [0.010936117731034756, -0.1161990612745285, 0.5402500033378601]
1, [-0.005606952589005232, 0.08293847739696503, 0.5207500457763672]
2, [-0.15946827828884125, 0.13464607298374176, 0.6385000348091125]
17, [0.011052513495087624, -0.11743579059839249, 0.5460000038146973]
1, [-0.00271561904810369, 0.08265799283981323, 0.5190000534057617]
2, [-0.15993529558181763, 0.13075287640094757, 0.640500009059906]
17, [0.011092999950051308, -0.11786596477031708, 0.5480000376701355]
1, [-0.0027090786024928093, 0.08245890587568283, 0.5177500247955322]
2, [-0.16015510261058807, 0.13522598147392273, 0.6412500143051147]
17, [0.010973281227052212, -0.11960849910974503, 0.5420000553131104]
