0.05132174491882324, 621.7142944335938, 407.8125, 649.84619140625, 542.8125, 666.7252807617188, 666.5625, 638.5934448242188, 407.8125, 655.4725341796875, 542.8125, 666.7252807617188, 666.5625
0.12623953819274902, 621.7142944335938, 413.4375, 649.84619140625, 542.8125, 666.7252807617188, 660.9375, 638.5934448242188, 407.8125, 655.4725341796875, 542.8125, 666.7252807617188, 666.5625
0.1889972686767578, 621.7142944335938, 407.8125, 649.84619140625, 542.8125, 661.0989379882812, 655.3125, 638.5934448242188, 407.8125, 661.0989379882812, 542.8125, 666.7252807617188, 666.5625
0.2437143325805664, 621.7142944335938, 407.8125, 649.84619140625, 542.8125, 666.7252807617188, 660.9375, 638.5934448242188, 402.1875, 655.4725341796875, 537.1875, 666.7252807617188, 666.5625
0.29193758964538574, 621.7142944335938, 413.4375, 649.84619140625, 542.8125, 666.7252807617188, 660.9375, 638.5934448242188, 407.8125, 655.4725341796875, 537.1875, 666.7252807617188, 666.5625
0.34493565559387207, 621.7142944335938, 407.8125, 649.84619140625, 542.8125, 666.7252807617188, 660.9375, 638.5934448242188, 407.8125, 655.4725341796875, 542.8125, 666.7252807617188, 666.5625
0.4028332233428955, 621.7142944335938, 407.8125, 649.84619140625, 542.8125, 666.7252807617188, 655.3125, 638.5934448242188, 407.8125, 655.4725341796875, 537.1875, 666.7252807617188, 666.5625
0.45035409927368164, 616.0879516601562, 413.4375, 649.84619140625, 542.8125, 666.7252807617188, 660.9375, 638.5934448242188, 407.8125, 655.4725341796875, 542.8125, 661.0989379882812, 666.5625
0.504246711730957, 621.7142944335938, 407.8125, 649.84619140625, 542.8125, 666.7252807617188, 660.9375, 638.5934448242188, 407.8125, 661.0989379882812, 542.8125, 666.7252807617188, 666.5625
0.5579779148101807, 621.7142944335938, 407.8125, 649.84619140625, 542.8125, 666.7252807617188, 660.9375, 638.5934448242188, 407.8125, 655.4725341796875, 537.1875, 666.7252807617188, 666.5625
0.6081380844116211, 621.7142944335938, 407.8125, 649.84619140625, 542.8125, 666.7252807617188, 660.9375, 638.5934448242188, 402.1875, 655.4725341796875, 537.1875, 666.7252807617188, 672.1875
0.6575970649719238, 621.7142944335938, 407.8125, 649.84619140625, 548.4375, 661.0989379882812, 666.5625, 638.5934448242188, 407.8125, 661.0989379882812, 548.4375, 666.7252807617188, 672.1875
0.7087171077728271, 616.0879516601562, 407.8125, 644.2197875976562, 537.1875, 666.7252807617188, 655.3125, 644.2197875976562, 407.8125, 655.4725341796875, 537.1875, 666.7252807617188, 666.5625
0.7662994861602783, 621.7142944335938, 413.4375, 649.84619140625, 542.8125, 666.7252807617188, 666.5625, 638.5934448242188, 407.8125, 655.4725341796875, 542.8125, 666.7252807617188, 666.5625
0.8239536285400391, 621.7142944335938, 413.4375, 649.84619140625, 542.8125, 666.7252807617188, 660.9375, 638.5934448242188, 407.8125, 655.4725341796875, 537.1875, 666.7252807617188, 666.5625
0.8746650218963623, 621.7142944335938, 413.4375, 649.84619140625, 542.8125, 666.7252807617188, 666.5625, 638.5934448242188, 407.8125, 655.4725341796875, 542.8125, 666.7252807617188, 666.5625
0.929398775100708, 621.7142944335938, 407.8125, 649.84619140625, 542.8125, 666.7252807617188, 660.9375, 644.2197875976562, 407.8125, 661.0989379882812, 542.8125, 666.7252807617188, 672.1875
0.9811046123504639, 621.7142944335938, 413.4375, 655.4725341796875, 542.8125, 666.7252807617188, 660.9375, 644.2197875976562, 407.8125, 655.4725341796875, 542.8125, 666.7252807617188, 666.5625
1.034130573272705, 616.0879516601562, 413.4375, 649.84619140625, 542.8125, 666.7252807617188, 660.9375, 638.5934448242188, 413.4375, 655.4725341796875, 542.8125, 666.7252807617188, 666.5625
1.0861115455627441, 616.0879516601562, 413.4375, 649.84619140625, 542.8125, 666.7252807617188, 660.9375, 638.5934448242188, 407.8125, 655.4725341796875, 537.1875, 666.7252807617188, 666.5625
1.1364891529083252, 621.7142944335938, 413.4375, 649.84619140625, 542.8125, 666.7252807617188, 660.9375, 638.5934448242188, 407.8125, 661.0989379882812, 542.8125, 666.7252807617188, 666.5625
1.1872148513793945, 616.0879516601562, 407.8125, 649.84619140625, 548.4375, 666.7252807617188, 666.5625, 644.2197875976562, 407.8125, 655.4725341796875, 548.4375, 666.7252807617188, 666.5625
1.239560842514038, 621.7142944335938, 407.8125, 644.2197875976562, 542.8125, 666.7252807617188, 660.9375, 638.5934448242188, 402.1875, 655.4725341796875, 542.8125, 666.7252807617188, 672.1875
1.2909326553344727, 621.7142944335938, 413.4375, 649.84619140625, 542.8125, 661.0989379882812, 660.9375, 638.5934448242188, 407.8125, 655.4725341796875, 542.8125, 661.0989379882812, 666.5625
1.3386664390563965, 616.0879516601562, 413.4375, 649.84619140625, 542.8125, 661.0989379882812, 655.3125, 638.5934448242188, 407.8125, 655.4725341796875, 542.8125, 666.7252807617188, 666.5625
1.3882801532745361, 616.0879516601562, 413.4375, 644.2197875976562, 542.8125, 661.0989379882812, 655.3125, 638.5934448242188, 407.8125, 655.4725341796875, 537.1875, 666.7252807617188, 666.5625
1.4370293617248535, 621.7142944335938, 407.8125, 644.2197875976562, 537.1875, 661.0989379882812, 655.3125, 638.5934448242188, 407.8125, 649.84619140625, 537.1875, 661.0989379882812, 666.5625
1.4865257740020752, 627.3406982421875, 407.8125, 644.2197875976562, 537.1875, 666.7252807617188, 655.3125, 638.5934448242188, 402.1875, 644.2197875976562, 537.1875, 666.7252807617188, 666.5625
1.5355775356292725, 627.3406982421875, 407.8125, 638.5934448242188, 531.5625, 661.0989379882812, 649.6875, 644.2197875976562, 402.1875, 638.5934448242188, 537.1875, 661.0989379882812, 666.5625
1.5900812149047852, 621.7142944335938, 402.1875, 627.3406982421875, 537.1875, 655.4725341796875, 655.3125, 644.2197875976562, 402.1875, 638.5934448242188, 537.1875, 661.0989379882812, 666.5625
1.6397123336791992, 627.3406982421875, 402.1875, 632.967041015625, 525.9375, 666.7252807617188, 649.6875, 644.2197875976562, 402.1875, 627.3406982421875, 531.5625, 666.7252807617188, 666.5625
1.6881251335144043, 621.7142944335938, 402.1875, 616.0879516601562, 525.9375, 661.0989379882812, 649.6875, 644.2197875976562, 402.1875, 627.3406982421875, 525.9375, 666.7252807617188, 660.9375
1.738067388534546, 621.7142944335938, 402.1875, 621.7142944335938, 525.9375, 661.0989379882812, 644.0625, 644.2197875976562, 402.1875, 610.4615478515625, 520.3125, 677.97802734375, 649.6875
1.7862813472747803, 627.3406982421875, 402.1875, 627.3406982421875, 525.9375, 661.0989379882812, 649.6875, 644.2197875976562, 402.1875, 604.835205078125, 520.3125, 677.97802734375, 644.0625
1.8359794616699219, 627.3406982421875, 402.1875, 632.967041015625, 525.9375, 661.0989379882812, 660.9375, 644.2197875976562, 402.1875, 599.2088012695312, 520.3125, 694.857177734375, 621.5625
1.8853557109832764, 627.3406982421875, 402.1875, 632.967041015625, 525.9375, 655.4725341796875, 655.3125, 644.2197875976562, 402.1875, 599.2088012695312, 520.3125, 706.1099243164062, 610.3125
1.935328483581543, 621.7142944335938, 402.1875, 632.967041015625, 525.9375, 655.4725341796875, 660.9375, 644.2197875976562, 402.1875, 599.2088012695312, 520.3125, 711.7362670898438, 593.4375
1.9832370281219482, 627.3406982421875, 402.1875, 632.967041015625, 525.9375, 655.4725341796875, 666.5625, 644.2197875976562, 402.1875, 599.2088012695312, 514.6875, 711.7362670898438, 582.1875
2.033755302429199, 627.3406982421875, 402.1875, 638.5934448242188, 525.9375, 655.4725341796875, 666.5625, 644.2197875976562, 402.1875, 599.2088012695312, 514.6875, 717.3626708984375, 576.5625
2.082756757736206, 627.3406982421875, 402.1875, 632.967041015625, 520.3125, 661.0989379882812, 666.5625, 644.2197875976562, 402.1875, 599.2088012695312, 514.6875, 728.6154174804688, 554.0625
2.1331710815429688, 621.7142944335938, 402.1875, 632.967041015625, 514.6875, 694.857177734375, 542.8125, 644.2197875976562, 396.5625, 599.2088012695312, 509.0625, 728.6154174804688, 542.8125
2.1828484535217285, 627.3406982421875, 402.1875, 627.3406982421875, 503.4375, 661.0989379882812, 655.3125, 644.2197875976562, 396.5625, 599.2088012695312, 509.0625, 734.2417602539062, 525.9375
2.2331392765045166, 621.7142944335938, 402.1875, 638.5934448242188, 509.0625, 661.0989379882812, 655.3125, 644.2197875976562, 396.5625, 599.2088012695312, 509.0625, 734.2417602539062, 514.6875
2.2816078662872314, 621.7142944335938, 396.5625, 632.967041015625, 503.4375, 661.0989379882812, 666.5625, 644.2197875976562, 396.5625, 604.835205078125, 497.8125, 734.2417602539062, 497.8125
2.33371639251709, 627.3406982421875, 390.9375, 632.967041015625, 503.4375, 677.97802734375, 509.0625, 644.2197875976562, 390.9375, 610.4615478515625, 492.1875, 728.6154174804688, 492.1875
2.3843092918395996, 627.3406982421875, 390.9375, 616.0879516601562, 497.8125, 666.7252807617188, 509.0625, 644.2197875976562, 390.9375, 604.835205078125, 492.1875, 728.6154174804688, 486.5625
2.537973642349243, 627.3406982421875, 390.9375, 638.5934448242188, 497.8125, 661.0989379882812, 655.3125, 644.2197875976562, 385.3125, 644.2197875976562, 548.4375, 661.0989379882812, 672.1875
2.5871455669403076, 627.3406982421875, 390.9375, 632.967041015625, 514.6875, 661.0989379882812, 655.3125, 644.2197875976562, 390.9375, 638.5934448242188, 542.8125, 661.0989379882812, 677.8125
2.6363003253936768, 627.3406982421875, 396.5625, 632.967041015625, 497.8125, 706.1099243164062, 503.4375, 644.2197875976562, 396.5625, 599.2088012695312, 497.8125, 734.2417602539062, 503.4375
2.6833560466766357, 627.3406982421875, 390.9375, 638.5934448242188, 542.8125, 655.4725341796875, 672.1875, 644.2197875976562, 390.9375, 644.2197875976562, 548.4375, 661.0989379882812, 677.8125
2.733649730682373, 627.3406982421875, 390.9375, 632.967041015625, 509.0625, 706.1099243164062, 509.0625, 644.2197875976562, 390.9375, 644.2197875976562, 548.4375, 655.4725341796875, 672.1875
2.7835681438446045, 627.3406982421875, 396.5625, 632.967041015625, 509.0625, 661.0989379882812, 649.6875, 644.2197875976562, 396.5625, 599.2088012695312, 503.4375, 666.7252807617188, 514.6875
2.8347396850585938, 621.7142944335938, 396.5625, 632.967041015625, 509.0625, 661.0989379882812, 655.3125, 644.2197875976562, 396.5625, 604.835205078125, 503.4375, 728.6154174804688, 525.9375
2.883434534072876, 627.3406982421875, 396.5625, 632.967041015625, 514.6875, 661.0989379882812, 666.5625, 649.84619140625, 390.9375, 604.835205078125, 503.4375, 728.6154174804688, 537.1875
2.933086395263672, 621.7142944335938, 402.1875, 610.4615478515625, 514.6875, 661.0989379882812, 666.5625, 644.2197875976562, 402.1875, 604.835205078125, 509.0625, 728.6154174804688, 548.4375
2.9814770221710205, 627.3406982421875, 396.5625, 632.967041015625, 520.3125, 661.0989379882812, 666.5625, 644.2197875976562, 396.5625, 604.835205078125, 514.6875, 728.6154174804688, 570.9375
3.0365700721740723, 627.3406982421875, 396.5625, 632.967041015625, 520.3125, 655.4725341796875, 660.9375, 649.84619140625, 396.5625, 604.835205078125, 514.6875, 722.989013671875, 587.8125
3.0830495357513428, 627.3406982421875, 396.5625, 627.3406982421875, 525.9375, 655.4725341796875, 660.9375, 649.84619140625, 396.5625, 610.4615478515625, 514.6875, 717.3626708984375, 610.3125
3.133549213409424, 627.3406982421875, 396.5625, 621.7142944335938, 520.3125, 661.0989379882812, 660.9375, 649.84619140625, 396.5625, 616.0879516601562, 514.6875, 711.7362670898438, 621.5625
3.182741403579712, 632.967041015625, 396.5625, 632.967041015625, 520.3125, 661.0989379882812, 655.3125, 649.84619140625, 396.5625, 621.7142944335938, 520.3125, 700.4835205078125, 638.4375
3.231476306915283, 627.3406982421875, 402.1875, 632.967041015625, 525.9375, 661.0989379882812, 660.9375, 649.84619140625, 402.1875, 627.3406982421875, 520.3125, 694.857177734375, 644.0625
3.2812440395355225, 627.3406982421875, 396.5625, 627.3406982421875, 525.9375, 661.0989379882812, 649.6875, 649.84619140625, 396.5625, 638.5934448242188, 520.3125, 677.97802734375, 655.3125
3.4014739990234375, 627.3406982421875, 402.1875, 632.967041015625, 525.9375, 666.7252807617188, 655.3125, 649.84619140625, 402.1875, 638.5934448242188, 525.9375, 672.3516845703125, 660.9375
3.4600086212158203, 627.3406982421875, 402.1875, 644.2197875976562, 525.9375, 683.6044311523438, 638.4375, 649.84619140625, 402.1875, 644.2197875976562, 525.9375, 666.7252807617188, 666.5625
3.5124247074127197, 627.3406982421875, 396.5625, 638.5934448242188, 525.9375, 677.97802734375, 644.0625, 655.4725341796875, 396.5625, 644.2197875976562, 525.9375, 661.0989379882812, 666.5625
3.563296318054199, 632.967041015625, 396.5625, 638.5934448242188, 531.5625, 661.0989379882812, 655.3125, 655.4725341796875, 396.5625, 644.2197875976562, 531.5625, 661.0989379882812, 666.5625
3.6141538619995117, 627.3406982421875, 402.1875, 638.5934448242188, 531.5625, 677.97802734375, 649.6875, 655.4725341796875, 402.1875, 649.84619140625, 531.5625, 661.0989379882812, 666.5625
3.7490146160125732, 627.3406982421875, 396.5625, 644.2197875976562, 531.5625, 683.6044311523438, 638.4375, 649.84619140625, 402.1875, 649.84619140625, 537.1875, 661.0989379882812, 666.5625
3.8048317432403564, 627.3406982421875, 402.1875, 644.2197875976562, 531.5625, 677.97802734375, 644.0625, 655.4725341796875, 402.1875, 649.84619140625, 531.5625, 661.0989379882812, 666.5625
3.8527159690856934, 627.3406982421875, 402.1875, 649.84619140625, 537.1875, 666.7252807617188, 655.3125, 655.4725341796875, 402.1875, 644.2197875976562, 537.1875, 661.0989379882812, 672.1875
3.903496742248535, 627.3406982421875, 402.1875, 649.84619140625, 525.9375, 689.2307739257812, 638.4375, 655.4725341796875, 402.1875, 644.2197875976562, 531.5625, 661.0989379882812, 666.5625
3.951280117034912, 627.3406982421875, 396.5625, 649.84619140625, 531.5625, 666.7252807617188, 655.3125, 655.4725341796875, 402.1875, 644.2197875976562, 537.1875, 661.0989379882812, 666.5625
4.002711772918701, 627.3406982421875, 402.1875, 644.2197875976562, 537.1875, 661.0989379882812, 655.3125, 655.4725341796875, 402.1875, 644.2197875976562, 537.1875, 661.0989379882812, 666.5625
4.0495445728302, 627.3406982421875, 402.1875, 644.2197875976562, 531.5625, 666.7252807617188, 649.6875, 655.4725341796875, 402.1875, 649.84619140625, 531.5625, 661.0989379882812, 666.5625
4.099996328353882, 627.3406982421875, 402.1875, 649.84619140625, 531.5625, 666.7252807617188, 655.3125, 649.84619140625, 402.1875, 644.2197875976562, 537.1875, 661.0989379882812, 666.5625
4.148725271224976, 632.967041015625, 402.1875, 644.2197875976562, 525.9375, 666.7252807617188, 655.3125, 655.4725341796875, 396.5625, 644.2197875976562, 531.5625, 666.7252807617188, 666.5625
4.2006659507751465, 627.3406982421875, 402.1875, 638.5934448242188, 525.9375, 666.7252807617188, 655.3125, 649.84619140625, 402.1875, 644.2197875976562, 525.9375, 666.7252807617188, 666.5625
4.253234148025513, 627.3406982421875, 402.1875, 632.967041015625, 525.9375, 661.0989379882812, 660.9375, 655.4725341796875, 402.1875, 638.5934448242188, 525.9375, 683.6044311523438, 660.9375
4.304466485977173, 627.3406982421875, 402.1875, 632.967041015625, 525.9375, 661.0989379882812, 655.3125, 655.4725341796875, 402.1875, 627.3406982421875, 525.9375, 694.857177734375, 638.4375
4.355885744094849, 632.967041015625, 402.1875, 632.967041015625, 525.9375, 661.0989379882812, 660.9375, 655.4725341796875, 402.1875, 627.3406982421875, 520.3125, 706.1099243164062, 632.8125
4.407161235809326, 627.3406982421875, 402.1875, 632.967041015625, 525.9375, 661.0989379882812, 666.5625, 649.84619140625, 402.1875, 621.7142944335938, 520.3125, 717.3626708984375, 621.5625
4.456430435180664, 627.3406982421875, 402.1875, 632.967041015625, 525.9375, 661.0989379882812, 672.1875, 649.84619140625, 402.1875, 621.7142944335938, 520.3125, 728.6154174804688, 610.3125
4.508012294769287, 627.3406982421875, 402.1875, 632.967041015625, 525.9375, 661.0989379882812, 666.5625, 649.84619140625, 402.1875, 627.3406982421875, 520.3125, 734.2417602539062, 587.8125
4.564776420593262, 627.3406982421875, 402.1875, 627.3406982421875, 520.3125, 661.0989379882812, 677.8125, 649.84619140625, 402.1875, 621.7142944335938, 520.3125, 739.8681640625, 582.1875
4.6190290451049805, 627.3406982421875, 402.1875, 632.967041015625, 514.6875, 661.0989379882812, 666.5625, 649.84619140625, 396.5625, 627.3406982421875, 514.6875, 751.1209106445312, 559.6875
4.670276165008545, 627.3406982421875, 402.1875, 627.3406982421875, 514.6875, 661.0989379882812, 660.9375, 649.84619140625, 396.5625, 621.7142944335938, 514.6875, 751.1209106445312, 537.1875
4.718395948410034, 627.3406982421875, 402.1875, 616.0879516601562, 520.3125, 661.0989379882812, 660.9375, 649.84619140625, 402.1875, 621.7142944335938, 514.6875, 745.4945068359375, 525.9375
4.771235227584839, 627.3406982421875, 396.5625, 616.0879516601562, 514.6875, 661.0989379882812, 655.3125, 649.84619140625, 396.5625, 621.7142944335938, 514.6875, 739.8681640625, 509.0625
4.818937301635742, 627.3406982421875, 402.1875, 621.7142944335938, 514.6875, 661.0989379882812, 666.5625, 649.84619140625, 396.5625, 621.7142944335938, 503.4375, 751.1209106445312, 497.8125
4.870936632156372, 627.3406982421875, 396.5625, 621.7142944335938, 514.6875, 661.0989379882812, 666.5625, 649.84619140625, 390.9375, 621.7142944335938, 503.4375, 745.4945068359375, 486.5625
4.920565843582153, 627.3406982421875, 396.5625, 621.7142944335938, 514.6875, 666.7252807617188, 660.9375, 649.84619140625, 396.5625, 621.7142944335938, 503.4375, 745.4945068359375, 480.9375
4.969114780426025, 627.3406982421875, 396.5625, 627.3406982421875, 520.3125, 661.0989379882812, 660.9375, 649.84619140625, 390.9375, 621.7142944335938, 497.8125, 745.4945068359375, 480.9375
5.018787622451782, 627.3406982421875, 396.5625, 627.3406982421875, 514.6875, 661.0989379882812, 649.6875, 649.84619140625, 390.9375, 621.7142944335938, 497.8125, 745.4945068359375, 486.5625
5.0677649974823, 627.3406982421875, 396.5625, 632.967041015625, 514.6875, 661.0989379882812, 660.9375, 649.84619140625, 390.9375, 621.7142944335938, 503.4375, 751.1209106445312, 492.1875
5.119181871414185, 627.3406982421875, 396.5625, 621.7142944335938, 520.3125, 661.0989379882812, 660.9375, 649.84619140625, 390.9375, 621.7142944335938, 497.8125, 745.4945068359375, 492.1875
5.171094179153442, 627.3406982421875, 396.5625, 621.7142944335938, 520.3125, 661.0989379882812, 660.9375, 649.84619140625, 396.5625, 621.7142944335938, 503.4375, 745.4945068359375, 503.4375
5.237528562545776, 627.3406982421875, 396.5625, 621.7142944335938, 514.6875, 661.0989379882812, 666.5625, 649.84619140625, 396.5625, 621.7142944335938, 503.4375, 739.8681640625, 509.0625
5.286240100860596, 627.3406982421875, 396.5625, 627.3406982421875, 514.6875, 661.0989379882812, 660.9375, 649.84619140625, 396.5625, 621.7142944335938, 503.4375, 739.8681640625, 520.3125
5.338424444198608, 627.3406982421875, 402.1875, 627.3406982421875, 514.6875, 661.0989379882812, 660.9375, 649.84619140625, 402.1875, 621.7142944335938, 509.0625, 739.8681640625, 531.5625
5.38840389251709, 627.3406982421875, 402.1875, 627.3406982421875, 514.6875, 661.0989379882812, 672.1875, 649.84619140625, 402.1875, 616.0879516601562, 509.0625, 739.8681640625, 537.1875
5.441061019897461, 627.3406982421875, 402.1875, 627.3406982421875, 514.6875, 661.0989379882812, 660.9375, 649.84619140625, 396.5625, 616.0879516601562, 509.0625, 745.4945068359375, 554.0625
5.551777601242065, 627.3406982421875, 402.1875, 632.967041015625, 520.3125, 661.0989379882812, 666.5625, 649.84619140625, 402.1875, 616.0879516601562, 514.6875, 734.2417602539062, 582.1875
5.608191967010498, 627.3406982421875, 402.1875, 627.3406982421875, 520.3125, 661.0989379882812, 672.1875, 649.84619140625, 396.5625, 616.0879516601562, 514.6875, 728.6154174804688, 599.0625
5.659167528152466, 627.3406982421875, 402.1875, 632.967041015625, 525.9375, 661.0989379882812, 666.5625, 649.84619140625, 396.5625, 621.7142944335938, 520.3125, 722.989013671875, 610.3125
5.711105108261108, 627.3406982421875, 402.1875, 638.5934448242188, 525.9375, 661.0989379882812, 666.5625, 649.84619140625, 402.1875, 627.3406982421875, 520.3125, 711.7362670898438, 621.5625
5.763672828674316, 627.3406982421875, 402.1875, 632.967041015625, 525.9375, 661.0989379882812, 660.9375, 649.84619140625, 402.1875, 627.3406982421875, 520.3125, 711.7362670898438, 632.8125
5.813797473907471, 627.3406982421875, 402.1875, 627.3406982421875, 525.9375, 661.0989379882812, 655.3125, 655.4725341796875, 396.5625, 638.5934448242188, 520.3125, 700.4835205078125, 649.6875
5.865739345550537, 627.3406982421875, 396.5625, 632.967041015625, 525.9375, 661.0989379882812, 660.9375, 655.4725341796875, 402.1875, 644.2197875976562, 525.9375, 694.857177734375, 660.9375
5.919360399246216, 627.3406982421875, 396.5625, 638.5934448242188, 525.9375, 661.0989379882812, 655.3125, 655.4725341796875, 396.5625, 644.2197875976562, 525.9375, 677.97802734375, 660.9375
5.971074342727661, 627.3406982421875, 396.5625, 644.2197875976562, 531.5625, 661.0989379882812, 655.3125, 655.4725341796875, 396.5625, 649.84619140625, 531.5625, 672.3516845703125, 660.9375
6.0181725025177, 627.3406982421875, 396.5625, 644.2197875976562, 531.5625, 661.0989379882812, 655.3125, 655.4725341796875, 396.5625, 649.84619140625, 525.9375, 666.7252807617188, 666.5625
6.068626642227173, 627.3406982421875, 402.1875, 638.5934448242188, 531.5625, 666.7252807617188, 655.3125, 655.4725341796875, 402.1875, 649.84619140625, 525.9375, 666.7252807617188, 666.5625
6.118825674057007, 627.3406982421875, 396.5625, 649.84619140625, 531.5625, 672.3516845703125, 644.0625, 655.4725341796875, 396.5625, 649.84619140625, 531.5625, 661.0989379882812, 666.5625
6.179823398590088, 627.3406982421875, 396.5625, 644.2197875976562, 537.1875, 666.7252807617188, 655.3125, 655.4725341796875, 402.1875, 649.84619140625, 531.5625, 661.0989379882812, 672.1875
6.225184679031372, 627.3406982421875, 402.1875, 649.84619140625, 531.5625, 689.2307739257812, 644.0625, 655.4725341796875, 402.1875, 649.84619140625, 537.1875, 661.0989379882812, 672.1875
6.277813911437988, 627.3406982421875, 396.5625, 649.84619140625, 525.9375, 666.7252807617188, 655.3125, 655.4725341796875, 396.5625, 649.84619140625, 531.5625, 661.0989379882812, 666.5625
6.3289406299591064, 627.3406982421875, 396.5625, 644.2197875976562, 531.5625, 666.7252807617188, 655.3125, 655.4725341796875, 396.5625, 649.84619140625, 537.1875, 661.0989379882812, 672.1875
6.378177881240845, 627.3406982421875, 396.5625, 649.84619140625, 531.5625, 666.7252807617188, 655.3125, 649.84619140625, 396.5625, 649.84619140625, 531.5625, 661.0989379882812, 666.5625
6.4324305057525635, 627.3406982421875, 396.5625, 649.84619140625, 531.5625, 672.3516845703125, 649.6875, 649.84619140625, 396.5625, 649.84619140625, 531.5625, 661.0989379882812, 666.5625
6.48442006111145, 627.3406982421875, 402.1875, 649.84619140625, 531.5625, 683.6044311523438, 638.4375, 655.4725341796875, 396.5625, 649.84619140625, 531.5625, 661.0989379882812, 666.5625
6.537362813949585, 627.3406982421875, 396.5625, 644.2197875976562, 531.5625, 677.97802734375, 644.0625, 649.84619140625, 396.5625, 649.84619140625, 531.5625, 661.0989379882812, 666.5625
6.585108995437622, 627.3406982421875, 396.5625, 649.84619140625, 531.5625, 683.6044311523438, 644.0625, 655.4725341796875, 396.5625, 649.84619140625, 537.1875, 661.0989379882812, 666.5625
6.63928747177124, 627.3406982421875, 396.5625, 644.2197875976562, 531.5625, 683.6044311523438, 644.0625, 655.4725341796875, 396.5625, 649.84619140625, 531.5625, 661.0989379882812, 666.5625
6.686411619186401, 627.3406982421875, 402.1875, 638.5934448242188, 531.5625, 661.0989379882812, 655.3125, 655.4725341796875, 402.1875, 649.84619140625, 531.5625, 672.3516845703125, 666.5625
6.7380688190460205, 627.3406982421875, 396.5625, 638.5934448242188, 531.5625, 661.0989379882812, 655.3125, 649.84619140625, 396.5625, 644.2197875976562, 525.9375, 677.97802734375, 660.9375
6.786922216415405, 627.3406982421875, 402.1875, 632.967041015625, 525.9375, 661.0989379882812, 660.9375, 655.4725341796875, 402.1875, 638.5934448242188, 525.9375, 694.857177734375, 649.6875
6.837604284286499, 627.3406982421875, 402.1875, 638.5934448242188, 525.9375, 661.0989379882812, 660.9375, 649.84619140625, 402.1875, 627.3406982421875, 525.9375, 711.7362670898438, 632.8125
6.886486530303955, 627.3406982421875, 402.1875, 632.967041015625, 525.9375, 661.0989379882812, 660.9375, 655.4725341796875, 402.1875, 627.3406982421875, 520.3125, 717.3626708984375, 627.1875
6.936694145202637, 632.967041015625, 402.1875, 632.967041015625, 525.9375, 661.0989379882812, 666.5625, 649.84619140625, 402.1875, 621.7142944335938, 520.3125, 728.6154174804688, 615.9375
6.985615968704224, 627.3406982421875, 402.1875, 632.967041015625, 525.9375, 661.0989379882812, 666.5625, 649.84619140625, 402.1875, 627.3406982421875, 520.3125, 734.2417602539062, 593.4375
7.037461757659912, 627.3406982421875, 402.1875, 632.967041015625, 520.3125, 739.8681640625, 582.1875, 655.4725341796875, 396.5625, 627.3406982421875, 514.6875, 689.2307739257812, 576.5625
7.089292526245117, 627.3406982421875, 402.1875, 632.967041015625, 514.6875, 706.1099243164062, 537.1875, 649.84619140625, 396.5625, 627.3406982421875, 514.6875, 745.4945068359375, 554.0625
7.13999605178833, 627.3406982421875, 402.1875, 627.3406982421875, 514.6875, 661.0989379882812, 655.3125, 655.4725341796875, 402.1875, 621.7142944335938, 509.0625, 739.8681640625, 525.9375
7.19062066078186, 627.3406982421875, 396.5625, 621.7142944335938, 514.6875, 661.0989379882812, 655.3125, 649.84619140625, 396.5625, 621.7142944335938, 509.0625, 739.8681640625, 520.3125
7.239360809326172, 627.3406982421875, 396.5625, 621.7142944335938, 520.3125, 661.0989379882812, 660.9375, 649.84619140625, 396.5625, 621.7142944335938, 503.4375, 745.4945068359375, 497.8125
7.286666393280029, 627.3406982421875, 396.5625, 616.0879516601562, 520.3125, 661.0989379882812, 660.9375, 649.84619140625, 396.5625, 627.3406982421875, 503.4375, 734.2417602539062, 497.8125
7.3375444412231445, 627.3406982421875, 396.5625, 627.3406982421875, 514.6875, 661.0989379882812, 649.6875, 649.84619140625, 390.9375, 627.3406982421875, 503.4375, 739.8681640625, 486.5625
7.387126684188843, 627.3406982421875, 396.5625, 632.967041015625, 514.6875, 661.0989379882812, 655.3125, 649.84619140625, 390.9375, 621.7142944335938, 503.4375, 745.4945068359375, 486.5625
7.437270402908325, 627.3406982421875, 396.5625, 621.7142944335938, 520.3125, 661.0989379882812, 655.3125, 649.84619140625, 396.5625, 621.7142944335938, 503.4375, 739.8681640625, 486.5625
7.485884666442871, 627.3406982421875, 396.5625, 627.3406982421875, 514.6875, 661.0989379882812, 660.9375, 649.84619140625, 396.5625, 621.7142944335938, 497.8125, 745.4945068359375, 492.1875
7.535518407821655, 627.3406982421875, 396.5625, 627.3406982421875, 514.6875, 661.0989379882812, 649.6875, 649.84619140625, 390.9375, 621.7142944335938, 503.4375, 739.8681640625, 492.1875
7.583256483078003, 627.3406982421875, 396.5625, 621.7142944335938, 520.3125, 661.0989379882812, 660.9375, 649.84619140625, 396.5625, 621.7142944335938, 503.4375, 745.4945068359375, 503.4375
7.636134386062622, 627.3406982421875, 396.5625, 627.3406982421875, 520.3125, 661.0989379882812, 660.9375, 649.84619140625, 390.9375, 621.7142944335938, 503.4375, 745.4945068359375, 503.4375
7.686941623687744, 627.3406982421875, 396.5625, 621.7142944335938, 520.3125, 661.0989379882812, 660.9375, 649.84619140625, 396.5625, 621.7142944335938, 509.0625, 745.4945068359375, 514.6875
7.73727560043335, 621.7142944335938, 396.5625, 610.4615478515625, 509.0625, 661.0989379882812, 660.9375, 649.84619140625, 396.5625, 621.7142944335938, 503.4375, 745.4945068359375, 520.3125
7.786919593811035, 627.3406982421875, 402.1875, 621.7142944335938, 520.3125, 661.0989379882812, 660.9375, 649.84619140625, 396.5625, 621.7142944335938, 509.0625, 745.4945068359375, 531.5625
7.8377485275268555, 627.3406982421875, 402.1875, 621.7142944335938, 520.3125, 661.0989379882812, 672.1875, 649.84619140625, 402.1875, 621.7142944335938, 509.0625, 745.4945068359375, 537.1875
7.884871006011963, 627.3406982421875, 402.1875, 632.967041015625, 514.6875, 751.1209106445312, 565.3125, 649.84619140625, 396.5625, 627.3406982421875, 514.6875, 661.0989379882812, 666.5625
7.933289527893066, 627.3406982421875, 402.1875, 632.967041015625, 514.6875, 661.0989379882812, 672.1875, 649.84619140625, 402.1875, 627.3406982421875, 514.6875, 745.4945068359375, 570.9375
7.983570337295532, 627.3406982421875, 396.5625, 632.967041015625, 514.6875, 739.8681640625, 593.4375, 655.4725341796875, 396.5625, 627.3406982421875, 514.6875, 739.8681640625, 587.8125
8.036205291748047, 627.3406982421875, 402.1875, 632.967041015625, 520.3125, 655.4725341796875, 666.5625, 655.4725341796875, 402.1875, 627.3406982421875, 514.6875, 734.2417602539062, 599.0625
8.085988998413086, 627.3406982421875, 402.1875, 632.967041015625, 525.9375, 661.0989379882812, 672.1875, 655.4725341796875, 402.1875, 627.3406982421875, 520.3125, 722.989013671875, 615.9375
8.13685417175293, 627.3406982421875, 402.1875, 632.967041015625, 525.9375, 661.0989379882812, 660.9375, 655.4725341796875, 402.1875, 627.3406982421875, 520.3125, 717.3626708984375, 621.5625
8.187342405319214, 627.3406982421875, 402.1875, 627.3406982421875, 525.9375, 661.0989379882812, 660.9375, 655.4725341796875, 402.1875, 632.967041015625, 520.3125, 711.7362670898438, 632.8125
8.23885703086853, 627.3406982421875, 402.1875, 627.3406982421875, 525.9375, 661.0989379882812, 660.9375, 655.4725341796875, 402.1875, 638.5934448242188, 520.3125, 711.7362670898438, 638.4375
8.294989585876465, 627.3406982421875, 402.1875, 632.967041015625, 525.9375, 661.0989379882812, 660.9375, 655.4725341796875, 402.1875, 638.5934448242188, 520.3125, 706.1099243164062, 649.6875
8.34592080116272, 627.3406982421875, 402.1875, 632.967041015625, 531.5625, 661.0989379882812, 660.9375, 655.4725341796875, 402.1875, 644.2197875976562, 525.9375, 700.4835205078125, 655.3125
8.395689010620117, 627.3406982421875, 402.1875, 638.5934448242188, 525.9375, 661.0989379882812, 660.9375, 655.4725341796875, 396.5625, 644.2197875976562, 525.9375, 694.857177734375, 660.9375
8.44385051727295, 627.3406982421875, 402.1875, 638.5934448242188, 537.1875, 661.0989379882812, 660.9375, 649.84619140625, 402.1875, 649.84619140625, 531.5625, 689.2307739257812, 666.5625
8.500086784362793, 627.3406982421875, 402.1875, 638.5934448242188, 531.5625, 655.4725341796875, 655.3125, 655.4725341796875, 402.1875, 649.84619140625, 525.9375, 689.2307739257812, 660.9375
8.55374264717102, 632.967041015625, 396.5625, 644.2197875976562, 531.5625, 661.0989379882812, 655.3125, 655.4725341796875, 402.1875, 649.84619140625, 531.5625, 683.6044311523438, 660.9375
8.603062868118286, 627.3406982421875, 396.5625, 638.5934448242188, 531.5625, 661.0989379882812, 660.9375, 655.4725341796875, 396.5625, 649.84619140625, 525.9375, 689.2307739257812, 666.5625
8.659186601638794, 627.3406982421875, 402.1875, 644.2197875976562, 537.1875, 661.0989379882812, 660.9375, 655.4725341796875, 402.1875, 655.4725341796875, 531.5625, 689.2307739257812, 666.5625
8.709144115447998, 627.3406982421875, 402.1875, 644.2197875976562, 531.5625, 661.0989379882812, 660.9375, 655.4725341796875, 402.1875, 661.0989379882812, 531.5625, 689.2307739257812, 666.5625
8.763083457946777, 632.967041015625, 402.1875, 649.84619140625, 537.1875, 661.0989379882812, 660.9375, 655.4725341796875, 402.1875, 666.7252807617188, 531.5625, 694.857177734375, 666.5625
8.812515258789062, 627.3406982421875, 402.1875, 644.2197875976562, 537.1875, 661.0989379882812, 660.9375, 655.4725341796875, 402.1875, 672.3516845703125, 537.1875, 694.857177734375, 666.5625
8.862292289733887, 632.967041015625, 402.1875, 644.2197875976562, 537.1875, 661.0989379882812, 660.9375, 655.4725341796875, 402.1875, 672.3516845703125, 531.5625, 694.857177734375, 660.9375
8.912439346313477, 627.3406982421875, 402.1875, 644.2197875976562, 537.1875, 661.0989379882812, 660.9375, 655.4725341796875, 402.1875, 672.3516845703125, 531.5625, 700.4835205078125, 666.5625
8.965198516845703, 632.967041015625, 402.1875, 644.2197875976562, 537.1875, 661.0989379882812, 660.9375, 655.4725341796875, 402.1875, 672.3516845703125, 531.5625, 694.857177734375, 660.9375
9.01461911201477, 627.3406982421875, 402.1875, 644.2197875976562, 531.5625, 661.0989379882812, 660.9375, 655.4725341796875, 402.1875, 672.3516845703125, 531.5625, 694.857177734375, 660.9375
9.065129041671753, 632.967041015625, 402.1875, 644.2197875976562, 537.1875, 655.4725341796875, 660.9375, 655.4725341796875, 407.8125, 672.3516845703125, 537.1875, 694.857177734375, 660.9375
9.116506576538086, 632.967041015625, 402.1875, 644.2197875976562, 537.1875, 661.0989379882812, 660.9375, 655.4725341796875, 402.1875, 666.7252807617188, 531.5625, 689.2307739257812, 660.9375
9.171637535095215, 632.967041015625, 402.1875, 644.2197875976562, 537.1875, 661.0989379882812, 660.9375, 655.4725341796875, 402.1875, 666.7252807617188, 531.5625, 689.2307739257812, 660.9375
9.221557378768921, 632.967041015625, 402.1875, 649.84619140625, 531.5625, 666.7252807617188, 655.3125, 655.4725341796875, 402.1875, 661.0989379882812, 531.5625, 672.3516845703125, 666.5625
9.27263617515564, 632.967041015625, 402.1875, 649.84619140625, 531.5625, 672.3516845703125, 655.3125, 655.4725341796875, 402.1875, 655.4725341796875, 531.5625, 666.7252807617188, 666.5625
9.322375297546387, 632.967041015625, 402.1875, 649.84619140625, 537.1875, 661.0989379882812, 666.5625, 655.4725341796875, 402.1875, 649.84619140625, 542.8125, 655.4725341796875, 666.5625
9.372375011444092, 638.5934448242188, 396.5625, 649.84619140625, 525.9375, 649.84619140625, 660.9375, 655.4725341796875, 396.5625, 649.84619140625, 531.5625, 649.84619140625, 666.5625
9.424936294555664, 638.5934448242188, 396.5625, 649.84619140625, 537.1875, 655.4725341796875, 655.3125, 655.4725341796875, 396.5625, 644.2197875976562, 537.1875, 644.2197875976562, 666.5625
9.475403070449829, 632.967041015625, 396.5625, 649.84619140625, 537.1875, 649.84619140625, 660.9375, 655.4725341796875, 396.5625, 638.5934448242188, 531.5625, 644.2197875976562, 666.5625
9.523624658584595, 632.967041015625, 402.1875, 649.84619140625, 542.8125, 661.0989379882812, 666.5625, 649.84619140625, 402.1875, 632.967041015625, 537.1875, 621.7142944335938, 660.9375
9.575319051742554, 632.967041015625, 396.5625, 655.4725341796875, 542.8125, 666.7252807617188, 666.5625, 649.84619140625, 402.1875, 627.3406982421875, 537.1875, 621.7142944335938, 666.5625
9.625423431396484, 638.5934448242188, 402.1875, 655.4725341796875, 542.8125, 661.0989379882812, 666.5625, 655.4725341796875, 402.1875, 627.3406982421875, 537.1875, 616.0879516601562, 660.9375
9.677453994750977, 632.967041015625, 402.1875, 655.4725341796875, 542.8125, 661.0989379882812, 666.5625, 649.84619140625, 402.1875, 627.3406982421875, 537.1875, 610.4615478515625, 660.9375
9.730471849441528, 632.967041015625, 396.5625, 655.4725341796875, 542.8125, 661.0989379882812, 666.5625, 649.84619140625, 396.5625, 627.3406982421875, 531.5625, 604.835205078125, 660.9375
9.78158164024353, 632.967041015625, 402.1875, 655.4725341796875, 537.1875, 661.0989379882812, 666.5625, 649.84619140625, 402.1875, 627.3406982421875, 537.1875, 604.835205078125, 666.5625
9.833934545516968, 632.967041015625, 396.5625, 649.84619140625, 537.1875, 666.7252807617188, 677.8125, 649.84619140625, 396.5625, 627.3406982421875, 537.1875, 610.4615478515625, 666.5625
9.99091100692749, 632.967041015625, 396.5625, 655.4725341796875, 537.1875, 666.7252807617188, 666.5625, 649.84619140625, 396.5625, 627.3406982421875, 537.1875, 621.7142944335938, 666.5625
10.066664457321167, 627.3406982421875, 396.5625, 655.4725341796875, 531.5625, 677.97802734375, 655.3125, 655.4725341796875, 396.5625, 644.2197875976562, 531.5625, 649.84619140625, 666.5625
10.208171129226685, 627.3406982421875, 396.5625, 644.2197875976562, 525.9375, 683.6044311523438, 644.0625, 655.4725341796875, 396.5625, 649.84619140625, 525.9375, 655.4725341796875, 660.9375
10.28954267501831, 627.3406982421875, 396.5625, 644.2197875976562, 537.1875, 655.4725341796875, 649.6875, 655.4725341796875, 396.5625, 661.0989379882812, 537.1875, 677.97802734375, 666.5625
10.344748973846436, 627.3406982421875, 396.5625, 638.5934448242188, 531.5625, 655.4725341796875, 655.3125, 655.4725341796875, 396.5625, 666.7252807617188, 525.9375, 694.857177734375, 660.9375
10.39556336402893, 627.3406982421875, 402.1875, 638.5934448242188, 531.5625, 661.0989379882812, 655.3125, 655.4725341796875, 402.1875, 666.7252807617188, 531.5625, 694.857177734375, 660.9375
10.447325944900513, 627.3406982421875, 402.1875, 638.5934448242188, 531.5625, 661.0989379882812, 660.9375, 655.4725341796875, 402.1875, 672.3516845703125, 531.5625, 700.4835205078125, 660.9375
10.499488830566406, 627.3406982421875, 396.5625, 644.2197875976562, 537.1875, 661.0989379882812, 655.3125, 655.4725341796875, 396.5625, 672.3516845703125, 531.5625, 706.1099243164062, 655.3125
10.549821615219116, 627.3406982421875, 396.5625, 638.5934448242188, 537.1875, 661.0989379882812, 660.9375, 655.4725341796875, 402.1875, 672.3516845703125, 531.5625, 706.1099243164062, 660.9375
10.60123324394226, 627.3406982421875, 402.1875, 644.2197875976562, 537.1875, 661.0989379882812, 655.3125, 655.4725341796875, 402.1875, 672.3516845703125, 531.5625, 700.4835205078125, 655.3125
10.651586532592773, 627.3406982421875, 402.1875, 638.5934448242188, 531.5625, 661.0989379882812, 660.9375, 655.4725341796875, 402.1875, 672.3516845703125, 531.5625, 700.4835205078125, 660.9375
10.70536208152771, 627.3406982421875, 402.1875, 638.5934448242188, 531.5625, 661.0989379882812, 655.3125, 655.4725341796875, 402.1875, 672.3516845703125, 531.5625, 694.857177734375, 660.9375
10.75822901725769, 627.3406982421875, 402.1875, 638.5934448242188, 531.5625, 661.0989379882812, 655.3125, 655.4725341796875, 402.1875, 666.7252807617188, 531.5625, 683.6044311523438, 655.3125
10.80993914604187, 632.967041015625, 396.5625, 655.4725341796875, 525.9375, 666.7252807617188, 649.6875, 655.4725341796875, 396.5625, 655.4725341796875, 531.5625, 672.3516845703125, 660.9375
10.8718843460083, 627.3406982421875, 396.5625, 649.84619140625, 531.5625, 666.7252807617188, 649.6875, 655.4725341796875, 396.5625, 655.4725341796875, 531.5625, 666.7252807617188, 660.9375
10.926099300384521, 632.967041015625, 396.5625, 644.2197875976562, 525.9375, 644.2197875976562, 621.5625, 655.4725341796875, 390.9375, 644.2197875976562, 525.9375, 649.84619140625, 660.9375
10.982091903686523, 632.967041015625, 396.5625, 655.4725341796875, 531.5625, 655.4725341796875, 655.3125, 655.4725341796875, 396.5625, 644.2197875976562, 537.1875, 644.2197875976562, 672.1875
11.040451049804688, 632.967041015625, 396.5625, 655.4725341796875, 531.5625, 649.84619140625, 666.5625, 649.84619140625, 396.5625, 638.5934448242188, 531.5625, 649.84619140625, 672.1875
11.093857765197754, 632.967041015625, 402.1875, 655.4725341796875, 542.8125, 666.7252807617188, 672.1875, 649.84619140625, 402.1875, 632.967041015625, 542.8125, 621.7142944335938, 666.5625
11.15161418914795, 632.967041015625, 396.5625, 661.0989379882812, 542.8125, 666.7252807617188, 666.5625, 649.84619140625, 402.1875, 627.3406982421875, 537.1875, 616.0879516601562, 660.9375
11.214632034301758, 632.967041015625, 402.1875, 655.4725341796875, 542.8125, 666.7252807617188, 672.1875, 649.84619140625, 402.1875, 627.3406982421875, 537.1875, 610.4615478515625, 660.9375
11.27999496459961, 632.967041015625, 402.1875, 649.84619140625, 537.1875, 661.0989379882812, 666.5625, 649.84619140625, 402.1875, 621.7142944335938, 531.5625, 610.4615478515625, 660.9375
11.34189510345459, 632.967041015625, 402.1875, 655.4725341796875, 537.1875, 661.0989379882812, 666.5625, 649.84619140625, 402.1875, 627.3406982421875, 531.5625, 616.0879516601562, 666.5625
11.418212652206421, 638.5934448242188, 396.5625, 655.4725341796875, 537.1875, 666.7252807617188, 672.1875, 649.84619140625, 402.1875, 627.3406982421875, 537.1875, 616.0879516601562, 666.5625
11.482672691345215, 632.967041015625, 402.1875, 655.4725341796875, 542.8125, 666.7252807617188, 677.8125, 649.84619140625, 402.1875, 627.3406982421875, 537.1875, 621.7142944335938, 666.5625
11.540424108505249, 632.967041015625, 396.5625, 649.84619140625, 542.8125, 661.0989379882812, 660.9375, 649.84619140625, 402.1875, 632.967041015625, 537.1875, 638.5934448242188, 666.5625
11.600039958953857, 627.3406982421875, 402.1875, 638.5934448242188, 531.5625, 649.84619140625, 660.9375, 649.84619140625, 402.1875, 638.5934448242188, 537.1875, 655.4725341796875, 666.5625
11.656793594360352, 627.3406982421875, 396.5625, 638.5934448242188, 525.9375, 677.97802734375, 638.4375, 649.84619140625, 396.5625, 638.5934448242188, 525.9375, 666.7252807617188, 660.9375
11.709258079528809, 627.3406982421875, 396.5625, 632.967041015625, 525.9375, 661.0989379882812, 660.9375, 649.84619140625, 396.5625, 632.967041015625, 520.3125, 689.2307739257812, 655.3125
11.764198303222656, 627.3406982421875, 402.1875, 632.967041015625, 525.9375, 661.0989379882812, 660.9375, 649.84619140625, 402.1875, 632.967041015625, 525.9375, 700.4835205078125, 638.4375
11.816241979598999, 627.3406982421875, 402.1875, 632.967041015625, 525.9375, 661.0989379882812, 666.5625, 649.84619140625, 402.1875, 627.3406982421875, 520.3125, 717.3626708984375, 627.1875
11.867973804473877, 627.3406982421875, 402.1875, 638.5934448242188, 525.9375, 661.0989379882812, 672.1875, 649.84619140625, 402.1875, 627.3406982421875, 520.3125, 728.6154174804688, 621.5625
11.919180870056152, 627.3406982421875, 396.5625, 632.967041015625, 525.9375, 661.0989379882812, 666.5625, 649.84619140625, 396.5625, 627.3406982421875, 520.3125, 739.8681640625, 599.0625
11.972259044647217, 627.3406982421875, 402.1875, 632.967041015625, 520.3125, 661.0989379882812, 677.8125, 649.84619140625, 402.1875, 632.967041015625, 520.3125, 745.4945068359375, 587.8125
12.023102521896362, 627.3406982421875, 402.1875, 632.967041015625, 520.3125, 661.0989379882812, 672.1875, 649.84619140625, 402.1875, 627.3406982421875, 514.6875, 745.4945068359375, 559.6875
12.078289031982422, 632.967041015625, 396.5625, 627.3406982421875, 520.3125, 661.0989379882812, 672.1875, 649.84619140625, 396.5625, 621.7142944335938, 514.6875, 745.4945068359375, 537.1875
12.131155252456665, 627.3406982421875, 396.5625, 627.3406982421875, 520.3125, 661.0989379882812, 666.5625, 649.84619140625, 396.5625, 621.7142944335938, 514.6875, 745.4945068359375, 525.9375
12.188086748123169, 627.3406982421875, 396.5625, 627.3406982421875, 514.6875, 661.0989379882812, 655.3125, 649.84619140625, 396.5625, 621.7142944335938, 509.0625, 734.2417602539062, 514.6875
12.241286277770996, 627.3406982421875, 396.5625, 627.3406982421875, 520.3125, 661.0989379882812, 666.5625, 649.84619140625, 390.9375, 621.7142944335938, 503.4375, 739.8681640625, 497.8125
12.2981116771698, 627.3406982421875, 396.5625, 627.3406982421875, 520.3125, 661.0989379882812, 660.9375, 649.84619140625, 390.9375, 621.7142944335938, 503.4375, 739.8681640625, 492.1875
12.3494553565979, 627.3406982421875, 396.5625, 627.3406982421875, 514.6875, 661.0989379882812, 649.6875, 649.84619140625, 390.9375, 616.0879516601562, 503.4375, 739.8681640625, 492.1875
12.404564142227173, 627.3406982421875, 396.5625, 627.3406982421875, 514.6875, 661.0989379882812, 655.3125, 649.84619140625, 390.9375, 621.7142944335938, 503.4375, 739.8681640625, 492.1875
12.456807851791382, 632.967041015625, 390.9375, 627.3406982421875, 520.3125, 661.0989379882812, 660.9375, 649.84619140625, 390.9375, 616.0879516601562, 509.0625, 739.8681640625, 497.8125
12.507622957229614, 627.3406982421875, 396.5625, 627.3406982421875, 520.3125, 666.7252807617188, 655.3125, 649.84619140625, 390.9375, 621.7142944335938, 503.4375, 739.8681640625, 497.8125
12.56293773651123, 627.3406982421875, 390.9375, 632.967041015625, 514.6875, 661.0989379882812, 660.9375, 649.84619140625, 390.9375, 621.7142944335938, 503.4375, 734.2417602539062, 503.4375
12.672252178192139, 627.3406982421875, 396.5625, 627.3406982421875, 514.6875, 661.0989379882812, 660.9375, 649.84619140625, 396.5625, 621.7142944335938, 509.0625, 739.8681640625, 520.3125
12.729323387145996, 627.3406982421875, 396.5625, 627.3406982421875, 514.6875, 661.0989379882812, 660.9375, 649.84619140625, 396.5625, 621.7142944335938, 509.0625, 739.8681640625, 537.1875
12.785447359085083, 627.3406982421875, 396.5625, 638.5934448242188, 525.9375, 661.0989379882812, 672.1875, 649.84619140625, 396.5625, 616.0879516601562, 514.6875, 734.2417602539062, 565.3125
12.8380286693573, 627.3406982421875, 396.5625, 632.967041015625, 520.3125, 661.0989379882812, 666.5625, 649.84619140625, 396.5625, 616.0879516601562, 514.6875, 734.2417602539062, 582.1875
12.892356872558594, 627.3406982421875, 396.5625, 627.3406982421875, 520.3125, 661.0989379882812, 660.9375, 649.84619140625, 390.9375, 621.7142944335938, 514.6875, 722.989013671875, 599.0625
12.944280624389648, 627.3406982421875, 402.1875, 632.967041015625, 525.9375, 661.0989379882812, 666.5625, 649.84619140625, 402.1875, 621.7142944335938, 520.3125, 717.3626708984375, 615.9375
12.995580196380615, 627.3406982421875, 396.5625, 632.967041015625, 525.9375, 661.0989379882812, 660.9375, 649.84619140625, 396.5625, 621.7142944335938, 520.3125, 711.7362670898438, 621.5625
13.047021627426147, 627.3406982421875, 396.5625, 632.967041015625, 525.9375, 661.0989379882812, 655.3125, 649.84619140625, 396.5625, 627.3406982421875, 520.3125, 706.1099243164062, 644.0625
13.094776153564453, 627.3406982421875, 402.1875, 627.3406982421875, 525.9375, 661.0989379882812, 655.3125, 649.84619140625, 396.5625, 632.967041015625, 520.3125, 694.857177734375, 644.0625
13.148218393325806, 627.3406982421875, 402.1875, 632.967041015625, 531.5625, 655.4725341796875, 649.6875, 649.84619140625, 402.1875, 644.2197875976562, 525.9375, 677.97802734375, 660.9375
13.201976776123047, 627.3406982421875, 396.5625, 638.5934448242188, 525.9375, 666.7252807617188, 660.9375, 649.84619140625, 396.5625, 644.2197875976562, 525.9375, 677.97802734375, 666.5625
13.271612882614136, 627.3406982421875, 396.5625, 638.5934448242188, 525.9375, 661.0989379882812, 655.3125, 649.84619140625, 396.5625, 644.2197875976562, 525.9375, 666.7252807617188, 666.5625
13.32209300994873, 627.3406982421875, 396.5625, 638.5934448242188, 531.5625, 661.0989379882812, 660.9375, 649.84619140625, 396.5625, 649.84619140625, 531.5625, 661.0989379882812, 666.5625
13.37566614151001, 627.3406982421875, 396.5625, 644.2197875976562, 531.5625, 677.97802734375, 649.6875, 649.84619140625, 396.5625, 644.2197875976562, 531.5625, 661.0989379882812, 666.5625
13.427429914474487, 627.3406982421875, 402.1875, 649.84619140625, 531.5625, 661.0989379882812, 655.3125, 649.84619140625, 402.1875, 644.2197875976562, 537.1875, 661.0989379882812, 666.5625
13.479355812072754, 627.3406982421875, 396.5625, 644.2197875976562, 531.5625, 677.97802734375, 655.3125, 649.84619140625, 396.5625, 649.84619140625, 531.5625, 661.0989379882812, 666.5625
13.536471605300903, 627.3406982421875, 396.5625, 649.84619140625, 525.9375, 683.6044311523438, 638.4375, 649.84619140625, 396.5625, 644.2197875976562, 531.5625, 661.0989379882812, 666.5625
13.588268280029297, 632.967041015625, 396.5625, 655.4725341796875, 531.5625, 683.6044311523438, 638.4375, 649.84619140625, 396.5625, 644.2197875976562, 537.1875, 661.0989379882812, 666.5625
13.640431642532349, 632.967041015625, 396.5625, 644.2197875976562, 525.9375, 683.6044311523438, 638.4375, 649.84619140625, 396.5625, 644.2197875976562, 531.5625, 661.0989379882812, 666.5625
13.689588069915771, 627.3406982421875, 396.5625, 644.2197875976562, 525.9375, 677.97802734375, 644.0625, 644.2197875976562, 396.5625, 644.2197875976562, 531.5625, 661.0989379882812, 666.5625
13.746626615524292, 627.3406982421875, 396.5625, 644.2197875976562, 525.9375, 683.6044311523438, 644.0625, 649.84619140625, 396.5625, 644.2197875976562, 531.5625, 661.0989379882812, 666.5625
13.798741340637207, 627.3406982421875, 396.5625, 644.2197875976562, 531.5625, 677.97802734375, 644.0625, 644.2197875976562, 396.5625, 644.2197875976562, 537.1875, 661.0989379882812, 666.5625
13.848907947540283, 627.3406982421875, 396.5625, 616.0879516601562, 469.6875, 661.0989379882812, 660.9375, 644.2197875976562, 396.5625, 644.2197875976562, 531.5625, 661.0989379882812, 666.5625
13.902575016021729, 627.3406982421875, 396.5625, 638.5934448242188, 531.5625, 666.7252807617188, 660.9375, 644.2197875976562, 402.1875, 644.2197875976562, 537.1875, 661.0989379882812, 666.5625
13.958117961883545, 627.3406982421875, 402.1875, 638.5934448242188, 531.5625, 666.7252807617188, 660.9375, 644.2197875976562, 402.1875, 644.2197875976562, 537.1875, 661.0989379882812, 666.5625
14.01311469078064, 621.7142944335938, 402.1875, 638.5934448242188, 525.9375, 666.7252807617188, 649.6875, 644.2197875976562, 402.1875, 638.5934448242188, 531.5625, 661.0989379882812, 666.5625
14.067293643951416, 621.7142944335938, 402.1875, 627.3406982421875, 520.3125, 661.0989379882812, 649.6875, 638.5934448242188, 402.1875, 627.3406982421875, 525.9375, 666.7252807617188, 666.5625
14.118947982788086, 621.7142944335938, 396.5625, 616.0879516601562, 520.3125, 661.0989379882812, 655.3125, 638.5934448242188, 396.5625, 616.0879516601562, 520.3125, 666.7252807617188, 660.9375
14.177886247634888, 621.7142944335938, 402.1875, 621.7142944335938, 520.3125, 649.84619140625, 660.9375, 638.5934448242188, 402.1875, 616.0879516601562, 520.3125, 661.0989379882812, 666.5625
14.230963230133057, 616.0879516601562, 396.5625, 621.7142944335938, 520.3125, 649.84619140625, 649.6875, 627.3406982421875, 402.1875, 610.4615478515625, 520.3125, 649.84619140625, 666.5625
14.282944917678833, 610.4615478515625, 402.1875, 621.7142944335938, 520.3125, 655.4725341796875, 660.9375, 621.7142944335938, 402.1875, 599.2088012695312, 520.3125, 627.3406982421875, 660.9375
14.339059352874756, 610.4615478515625, 407.8125, 616.0879516601562, 525.9375, 655.4725341796875, 660.9375, 616.0879516601562, 407.8125, 599.2088012695312, 525.9375, 616.0879516601562, 660.9375
14.389873504638672, 604.835205078125, 402.1875, 604.835205078125, 520.3125, 655.4725341796875, 666.5625, 616.0879516601562, 396.5625, 587.9560546875, 514.6875, 604.835205078125, 672.1875
14.447442531585693, 587.9560546875, 402.1875, 604.835205078125, 525.9375, 655.4725341796875, 666.5625, 610.4615478515625, 402.1875, 582.3297119140625, 509.0625, 599.2088012695312, 672.1875
14.503690242767334, 582.3297119140625, 396.5625, 604.835205078125, 525.9375, 655.4725341796875, 660.9375, 604.835205078125, 390.9375, 576.7033081054688, 509.0625, 599.2088012695312, 683.4375
14.55606746673584, 571.0769653320312, 390.9375, 582.3297119140625, 520.3125, 644.2197875976562, 649.6875, 599.2088012695312, 385.3125, 576.7033081054688, 520.3125, 599.2088012695312, 677.8125
14.611370325088501, 554.1978149414062, 385.3125, 565.4505615234375, 525.9375, 638.5934448242188, 649.6875, 593.5824584960938, 379.6875, 571.0769653320312, 520.3125, 599.2088012695312, 683.4375
14.665038824081421, 542.945068359375, 385.3125, 531.6923217773438, 525.9375, 610.4615478515625, 621.5625, 593.5824584960938, 385.3125, 571.0769653320312, 509.0625, 599.2088012695312, 672.1875
14.72211241722107, 537.3186645507812, 385.3125, 509.18682861328125, 525.9375, 571.0769653320312, 621.5625, 587.9560546875, 379.6875, 565.4505615234375, 514.6875, 599.2088012695312, 677.8125
14.776294231414795, 526.06591796875, 390.9375, 492.3077087402344, 531.5625, 576.7033081054688, 660.9375, 582.3297119140625, 379.6875, 565.4505615234375, 520.3125, 593.5824584960938, 677.8125
14.828225374221802, 509.18682861328125, 390.9375, 469.8022155761719, 520.3125, 531.6923217773438, 660.9375, 571.0769653320312, 385.3125, 565.4505615234375, 520.3125, 599.2088012695312, 672.1875
14.88049840927124, 497.93408203125, 379.6875, 458.5494689941406, 503.4375, 481.0549621582031, 677.8125, 559.82421875, 368.4375, 559.82421875, 509.0625, 599.2088012695312, 672.1875
14.935710430145264, 486.68133544921875, 374.0625, 447.2967224121094, 509.0625, 458.5494689941406, 683.4375, 554.1978149414062, 368.4375, 559.82421875, 514.6875, 599.2088012695312, 677.8125
14.989208459854126, 464.17584228515625, 357.1875, 436.0439758300781, 492.1875, 447.2967224121094, 683.4375, 542.945068359375, 351.5625, 554.1978149414062, 509.0625, 593.5824584960938, 666.5625
15.044130086898804, 458.5494689941406, 351.5625, 430.4176025390625, 497.8125, 447.2967224121094, 683.4375, 537.3186645507812, 351.5625, 542.945068359375, 509.0625, 587.9560546875, 655.3125
15.101136922836304, 436.0439758300781, 357.1875, 413.5384826660156, 503.4375, 441.67034912109375, 683.4375, 514.8131713867188, 345.9375, 509.18682861328125, 492.1875, 565.4505615234375, 621.5625
15.1550931930542, 413.5384826660156, 351.5625, 396.65936279296875, 503.4375, 441.67034912109375, 689.0625, 503.5604553222656, 340.3125, 492.3077087402344, 486.5625, 531.6923217773438, 621.5625
15.21014928817749, 413.5384826660156, 345.9375, 396.65936279296875, 492.1875, 436.0439758300781, 677.8125, 497.93408203125, 340.3125, 481.0549621582031, 475.3125, 503.5604553222656, 632.8125
15.265199661254883, 396.65936279296875, 323.4375, 391.0329895019531, 475.3125, 402.2857360839844, 576.5625, 486.68133544921875, 317.8125, 464.17584228515625, 452.8125, 458.5494689941406, 576.5625