0, 0.07492300122976303, -0.774961531162262, 4.761000156402588
1, 0.0723893791437149, -0.5217525959014893, 4.600000381469727
2, -0.10382257401943207, -0.5740860104560852, 4.828000068664551
5, 0.2597241699695587, -0.5952515602111816, 5.00600004196167
6, 0.31782805919647217, -0.2591933608055115, 4.508000373840332
7, 0.34984374046325684, -0.06684906780719757, 4.539000034332275
8, 0.04078364744782448, -0.036258265376091, 4.450000286102295
9, -0.013265117071568966, 0.4165246784687042, 4.600000381469727
10, -0.04291931539773941, 0.7743664383888245, 4.539000034332275
11, 0.011388055048882961, -0.03578568622469902, 4.392000198364258
12, -0.013265117071568966, 0.3862576484680176, 4.600000381469727
14, 0.01243040431290865, -0.8381627798080444, 4.794000148773193
15, 0.10390347987413406, -0.8563457131385803, 4.898000240325928
16, 0.012344839051365852, -0.8010668158531189, 4.761000156402588
17, 0.13706541061401367, -0.8300068378448486, 4.933000087738037
0, 0.07544232159852982, -0.7803330421447754, 4.794000148773193
1, 0.07287721335887909, -0.5252687335014343, 4.63100004196167
2, -0.07524973154067993, -0.5325279235839844, 4.695000171661377
3, -0.16316750645637512, -0.31160205602645874, 4.863000392913818
4, -0.19103418290615082, -0.03879226744174957, 4.761000156402588
5, 0.2616438567638397, -0.5996511578559875, 5.043000221252441
6, 0.32649993896484375, -0.29673635959625244, 4.63100004196167
7, 0.31782805919647217, -0.06639251857995987, 4.508000373840332
8, -0.04291931539773941, -0.00711778923869133, 4.539000034332275
9, -0.042626190930604935, 0.4081941843032837, 4.508000373840332
10, -0.04378923773765564, 0.790061891078949, 4.63100004196167
11, 0.17495088279247284, -0.00688727293163538, 4.392000198364258
12, 0.21490593254566193, 0.4193316698074341, 4.63100004196167
13, 0.216390922665596, 0.7955211997032166, 4.663000106811523
14, 0.043936360627412796, -0.8381627798080444, 4.794000148773193
15, 0.105409637093544, -0.8687590956687927, 4.969000339508057
16, -0.014329209923744202, -0.8088183403015137, 4.969000339508057
17, 0.16774043440818787, -0.8485150337219238, 5.043000221252441
0, 0.07492300122976303, -0.774961531162262, 4.761000156402588
1, 0.07440368831157684, -0.5362709164619446, 4.728000164031982
2, -0.0768364667892456, -0.5437569618225098, 4.794000148773193
3, -0.2008647471666336, -0.2878265082836151, 5.00600004196167
4, -0.1883859485387802, -0.0382545068860054, 4.695000171661377
5, 0.2578045427799225, -0.5908520221710205, 4.969000339508057
6, 0.32649993896484375, -0.29673635959625244, 4.63100004196167
7, 0.31782805919647217, -0.06639251857995987, 4.508000373840332
8, -0.04291931539773941, -0.00711778923869133, 4.539000034332275
9, -0.04291931539773941, 0.41100117564201355, 4.539000034332275
10, -0.043496113270521164, 0.7847732901573181, 4.600000381469727
11, 0.17957164347171783, -0.007069177459925413, 4.508000373840332
12, 0.216390922665596, 0.42222923040390015, 4.663000106811523
13, 0.21202877163887024, 0.7794845700263977, 4.569000244140625
14, 0.043936360627412796, -0.8381627798080444, 4.794000148773193
15, 0.10390347987413406, -0.8563457131385803, 4.898000240325928
16, -0.014225395396351814, -0.8029584884643555, 4.933000087738037
17, 0.16774043440818787, -0.8485150337219238, 5.043000221252441
0, 0.0759773701429367, -0.7858673334121704, 4.828000068664551
1, 0.0765281617641449, -0.5515832304954529, 4.863000392913818
2, -0.0768364667892456, -0.5437569618225098, 4.794000148773193
3, -0.19793564081192017, -0.28362926840782166, 4.933000087738037
4, -0.18971006572246552, -0.03852338716387749, 4.728000164031982
5, 0.2523050010204315, -0.5515832304954529, 4.863000392913818
6, 0.3243143558502197, -0.29475003480911255, 4.600000381469727
7, 0.31782805919647217, -0.06639251857995987, 4.508000373840332
8, -0.041803546249866486, -0.006932748481631279, 4.421000003814697
9, -0.04378923773765564, 0.4193316698074341, 4.63100004196167
10, -0.04291931539773941, 0.7743664383888245, 4.539000034332275
11, 0.178416445851326, -0.007023700978606939, 4.479000091552734
12, 0.2178759127855301, 0.4251267910003662, 4.695000171661377
13, 0.21063658595085144, 0.7743664383888245, 4.539000034332275
14, 0.043936360627412796, -0.8381627798080444, 4.794000148773193
15, 0.10464594513177872, -0.862464964389801, 4.933000087738037
16, -0.014329209923744202, -0.8088183403015137, 4.969000339508057
17, 0.17026835680007935, -0.8613025546073914, 5.119000434875488
0, 0.07492300122976303, -0.774961531162262, 4.761000156402588
1, 0.07544232159852982, -0.5437569618225098, 4.794000148773193
2, -0.07630755752325058, -0.5400139093399048, 4.761000156402588
3, -0.16434185206890106, -0.2816169261932373, 4.898000240325928
4, -0.15538324415683746, -0.037733037024736404, 4.63100004196167
5, 0.25048908591270447, -0.5476133823394775, 4.828000068664551
6, 0.3200136423110962, -0.26097571849823, 4.539000034332275
7, 0.3221287429332733, -0.06729090213775635, 4.569000244140625
8, -0.012999814935028553, -0.007069177459925413, 4.508000373840332
9, -0.043496113270521164, 0.4165246784687042, 4.600000381469727
10, -0.04378923773765564, 0.790061891078949, 4.63100004196167
11, 0.17726126313209534, -0.006978224962949753, 4.450000286102295
12, 0.20785222947597504, 0.4055682420730591, 4.479000091552734
13, 0.24026821553707123, 0.790061891078949, 4.63100004196167
14, 0.04363391920924187, -0.8010668158531189, 4.761000156402588
15, 0.10316101461648941, -0.8182290196418762, 4.863000392913818
16, -0.014023535884916782, -0.791564404964447, 4.863000392913818
17, 0.1715323030948639, -0.867696225643158, 5.1570000648498535
0, 0.07544232159852982, -0.7803330421447754, 4.794000148773193
1, 0.0765281617641449, -0.5515832304954529, 4.863000392913818
2, -0.10167215019464493, -0.5362709164619446, 4.728000164031982
3, -0.161993145942688, -0.27759215235710144, 4.828000068664551
4, -0.15645693242549896, -0.037993770092725754, 4.663000106811523
5, 0.2597241699695587, -0.5952515602111816, 5.00600004196167
6, 0.32875603437423706, -0.29878681898117065, 4.663000106811523
7, 0.3474544584751129, -0.06639251857995987, 4.508000373840332
8, -0.012999814935028553, -0.007069177459925413, 4.508000373840332
9, -0.04291931539773941, 0.41100117564201355, 4.539000034332275
10, -0.04235197603702545, 0.7641302943229675, 4.479000091552734
11, 0.178416445851326, -0.007023700978606939, 4.479000091552734
12, 0.21490593254566193, 0.4193316698074341, 4.63100004196167
13, 0.23865987360477448, 0.7847732901573181, 4.600000381469727
14, 0.04363391920924187, -0.832393229007721, 4.761000156402588
15, 0.10316101461648941, -0.8182290196418762, 4.863000392913818
16, -0.014225395396351814, -0.8029584884643555, 4.933000087738037
17, 0.13806569576263428, -0.8360641002655029, 4.969000339508057
0, 0.07544232159852982, -0.7803330421447754, 4.794000148773193
1, 0.07440368831157684, -0.5362709164619446, 4.728000164031982
2, -0.10309142619371414, -0.5437569618225098, 4.794000148773193
3, -0.16316750645637512, -0.27960455417633057, 4.863000392913818
4, -0.18581795692443848, -0.037733037024736404, 4.63100004196167
5, 0.2487250715494156, -0.5437569618225098, 4.794000148773193
6, 0.32875603437423706, -0.29878681898117065, 4.663000106811523
7, 0.3221287429332733, -0.06729090213775635, 4.569000244140625
8, -0.04235197603702545, -0.007023700978606939, 4.479000091552734
9, -0.04378923773765564, 0.4193316698074341, 4.63100004196167
10, -0.04320298507809639, 0.7794845700263977, 4.569000244140625
11, 0.1808064728975296, -0.00711778923869133, 4.539000034332275
12, 0.216390922665596, 0.42222923040390015, 4.663000106811523
13, 0.21490593254566193, 0.790061891078949, 4.63100004196167
14, 0.04363391920924187, -0.832393229007721, 4.761000156402588
15, 0.10316101461648941, -0.8182290196418762, 4.863000392913818
16, -0.014329209923744202, -0.8088183403015137, 4.969000339508057
17, 0.17286278307437897, -0.8744264245033264, 5.197000026702881
0, 0.07544232159852982, -0.7803330421447754, 4.794000148773193
1, 0.07762973755598068, -0.5595229268074036, 4.933000087738037
2, -0.10238178819417953, -0.5400139093399048, 4.761000156402588
3, -0.16672411561012268, -0.31839409470558167, 4.969000339508057
4, -0.19103418290615082, -0.03879226744174957, 4.761000156402588
5, 0.2523050010204315, -0.5515832304954529, 4.863000392913818
6, 0.33101212978363037, -0.3008372485637665, 4.695000171661377
7, 0.3200136423110962, -0.06684906780719757, 4.539000034332275
8, -0.04235197603702545, -0.007023700978606939, 4.479000091552734
9, -0.04291931539773941, 0.41100117564201355, 4.539000034332275
10, -0.043496113270521164, 0.7847732901573181, 4.600000381469727
11, 0.1761060655117035, -0.006932748481631279, 4.421000003814697
12, 0.21346735954284668, 0.4165246784687042, 4.600000381469727
13, 0.216390922665596, 0.7955211997032166, 4.663000106811523
14, 0.01243040431290865, -0.8381627798080444, 4.794000148773193
15, 0.10316101461648941, -0.8182290196418762, 4.863000392913818
16, -0.014435906894505024, -0.8148409128189087, 5.00600004196167
17, 0.16897113621234894, -0.8268861174583435, 5.080000400543213
0, 0.07544232159852982, -0.7803330421447754, 4.794000148773193
1, 0.07388437539339066, -0.5325279235839844, 4.695000171661377
2, -0.07577864080667496, -0.5362709164619446, 4.728000164031982
3, -0.19938014447689056, -0.28569915890693665, 4.969000339508057
4, -0.18710194528102875, -0.037993770092725754, 4.663000106811523
5, 0.2523050010204315, -0.5515832304954529, 4.863000392913818
6, 0.33333873748779297, -0.30295175313949585, 4.728000164031982
7, 0.3243143558502197, -0.06774746626615524, 4.600000381469727
8, -0.04409182071685791, -0.007312238682061434, 4.663000106811523
9, -0.04378923773765564, 0.4193316698074341, 4.63100004196167
10, -0.04320298507809639, 0.7794845700263977, 4.569000244140625
11, 0.17495088279247284, -0.00688727293163538, 4.392000198364258
12, 0.216390922665596, 0.42222923040390015, 4.663000106811523
13, 0.21490593254566193, 0.790061891078949, 4.63100004196167
14, 0.012344839051365852, -0.832393229007721, 4.761000156402588
15, 0.10316101461648941, -0.8182290196418762, 4.863000392913818
16, -0.014124466106295586, -0.7972614765167236, 4.898000240325928
17, 0.17026835680007935, -0.8613025546073914, 5.119000434875488
0, 0.07440368831157684, -0.7695900797843933, 4.728000164031982
1, 0.0759773701429367, -0.5476133823394775, 4.828000068664551
2, -0.0768364667892456, -0.5122134685516357, 4.794000148773193
3, -0.161993145942688, -0.27759215235710144, 4.828000068664551
4, -0.1883859485387802, -0.0382545068860054, 4.695000171661377
5, 0.2523050010204315, -0.5515832304954529, 4.863000392913818
6, 0.32875603437423706, -0.29878681898117065, 4.663000106811523
7, 0.3243143558502197, -0.06774746626615524, 4.600000381469727
8, -0.04291931539773941, -0.00711778923869133, 4.539000034332275
9, -0.04207776114344597, 0.40294235944747925, 4.450000286102295
10, -0.043496113270521164, 0.7847732901573181, 4.600000381469727
11, 0.178416445851326, -0.007023700978606939, 4.479000091552734
12, 0.2091980129480362, 0.4081941843032837, 4.508000373840332
13, 0.21346735954284668, 0.7847732901573181, 4.600000381469727
14, 0.01225927285850048, -0.7955144047737122, 4.728000164031982
15, 0.10241853445768356, -0.8123399615287781, 4.828000068664551
16, -0.014124466106295586, -0.7972614765167236, 4.898000240325928
17, 0.16774043440818787, -0.8485150337219238, 5.043000221252441
0, 0.07492300122976303, -0.774961531162262, 4.761000156402588
1, 0.07388437539339066, -0.5325279235839844, 4.695000171661377
2, -0.07630755752325058, -0.5400139093399048, 4.761000156402588
3, -0.20234937965869904, -0.28995388746261597, 5.043000221252441
4, -0.1883859485387802, -0.0382545068860054, 4.695000171661377
5, 0.25048908591270447, -0.5476133823394775, 4.828000068664551
6, 0.32875603437423706, -0.29878681898117065, 4.663000106811523
7, 0.3243143558502197, -0.06774746626615524, 4.600000381469727
8, -0.042626190930604935, -0.007069177459925413, 4.508000373840332
9, -0.04291931539773941, 0.41100117564201355, 4.539000034332275
10, -0.04320298507809639, 0.7794845700263977, 4.569000244140625
11, 0.17726126313209534, -0.006978224962949753, 4.450000286102295
12, 0.21063658595085144, 0.41100117564201355, 4.539000034332275
13, 0.219407320022583, 0.8066104054450989, 4.728000164031982
14, 0.01225927285850048, -0.8266236186027527, 4.728000164031982
15, 0.10316101461648941, -0.8182290196418762, 4.863000392913818
16, -0.014124466106295586, -0.7972614765167236, 4.898000240325928
17, 0.16897113621234894, -0.8268861174583435, 5.080000400543213
0, 0.07544232159852982, -0.7803330421447754, 4.794000148773193
1, 0.0765281617641449, -0.5515832304954529, 4.863000392913818
2, -0.0768364667892456, -0.5437569618225098, 4.794000148773193
3, -0.16434185206890106, -0.2816169261932373, 4.898000240325928
4, -0.1883859485387802, -0.0382545068860054, 4.695000171661377
5, 0.2523050010204315, -0.5515832304954529, 4.863000392913818
6, 0.32649993896484375, -0.29673635959625244, 4.63100004196167
7, 0.3221287429332733, -0.06729090213775635, 4.569000244140625
8, -0.04291931539773941, -0.00711778923869133, 4.539000034332275
9, -0.04291931539773941, 0.41100117564201355, 4.539000034332275
10, -0.04409182071685791, 0.7955211997032166, 4.663000106811523
11, 0.17726126313209534, -0.006978224962949753, 4.450000286102295
12, 0.2091980129480362, 0.4081941843032837, 4.508000373840332
13, 0.2178759127855301, 0.8009805083274841, 4.695000171661377
14, 0.012344839051365852, -0.832393229007721, 4.761000156402588
15, 0.10390347987413406, -0.82411789894104, 4.898000240325928
16, -0.014124466106295586, -0.7972614765167236, 4.898000240325928
17, 0.16897113621234894, -0.854740560054779, 5.080000400543213
0, 0.07544232159852982, -0.7803330421447754, 4.794000148773193
1, 0.07492300122976303, -0.5400139093399048, 4.761000156402588
2, -0.07738140225410461, -0.5476133823394775, 4.828000068664551
3, -0.2008647471666336, -0.2878265082836151, 5.00600004196167
4, -0.1883859485387802, -0.0382545068860054, 4.695000171661377
5, 0.2578045427799225, -0.5908520221710205, 4.969000339508057
6, 0.32649993896484375, -0.29673635959625244, 4.63100004196167
7, 0.3200136423110962, -0.0369834266602993, 4.539000034332275
8, -0.042626190930604935, -0.007069177459925413, 4.508000373840332
9, -0.04235197603702545, 0.4055682420730591, 4.479000091552734
10, -0.04320298507809639, 0.7794845700263977, 4.569000244140625
11, 0.1820015013217926, -0.007164833601564169, 4.569000244140625
12, 0.2091980129480362, 0.4081941843032837, 4.508000373840332
13, 0.21346735954284668, 0.7847732901573181, 4.600000381469727
14, 0.01225927285850048, -0.7955144047737122, 4.728000164031982
15, 0.10316101461648941, -0.8182290196418762, 4.863000392913818
16, -0.014124466106295586, -0.7972614765167236, 4.898000240325928
17, 0.1665097326040268, -0.8148409128189087, 5.00600004196167
0, 0.07544232159852982, -0.7803330421447754, 4.794000148773193
1, 0.07190153747797012, -0.5182364583015442, 4.569000244140625
2, -0.10027436912059784, -0.528898298740387, 4.663000106811523
3, -0.20383399724960327, -0.2920812666416168, 5.080000400543213
4, -0.18971006572246552, -0.03852338716387749, 4.728000164031982
5, 0.2578045427799225, -0.5908520221710205, 4.969000339508057
6, 0.3243143558502197, -0.29475003480911255, 4.600000381469727
7, 0.32649993896484375, -0.06820402294397354, 4.63100004196167
8, -0.04291931539773941, -0.00711778923869133, 4.539000034332275
9, -0.04378923773765564, 0.4193316698074341, 4.63100004196167
10, -0.04320298507809639, 0.7794845700263977, 4.569000244140625
11, 0.17957164347171783, -0.007069177459925413, 4.508000373840332
12, 0.21202877163887024, 0.413717657327652, 4.569000244140625
13, 0.21346735954284668, 0.7847732901573181, 4.600000381469727
14, 0.01225927285850048, -0.7955144047737122, 4.728000164031982
15, 0.10316101461648941, -0.8182290196418762, 4.863000392913818
16, -0.014023535884916782, -0.791564404964447, 4.863000392913818
17, 0.16897113621234894, -0.8268861174583435, 5.080000400543213
0, 0.07544232159852982, -0.7803330421447754, 4.794000148773193
1, 0.07544232159852982, -0.5437569618225098, 4.794000148773193
2, -0.10238178819417953, -0.5400139093399048, 4.761000156402588
3, -0.165516197681427, -0.28362926840782166, 4.933000087738037
4, -0.15645693242549896, -0.037993770092725754, 4.663000106811523
5, 0.25048908591270447, -0.5476133823394775, 4.828000068664551
6, 0.32649993896484375, -0.29673635959625244, 4.63100004196167
7, 0.32649993896484375, -0.06820402294397354, 4.63100004196167
8, -0.012999814935028553, -0.007069177459925413, 4.508000373840332
9, -0.043496113270521164, 0.4165246784687042, 4.600000381469727
10, -0.042626190930604935, 0.7690778374671936, 4.508000373840332
11, 0.17957164347171783, -0.007069177459925413, 4.508000373840332
12, 0.21202877163887024, 0.413717657327652, 4.569000244140625
13, 0.21202877163887024, 0.7794845700263977, 4.569000244140625
14, 0.012344839051365852, -0.8010668158531189, 4.761000156402588
15, 0.10241853445768356, -0.8123399615287781, 4.828000068664551
16, -0.014225395396351814, -0.8029584884643555, 4.933000087738037
17, 0.13909374177455902, -0.8148409128189087, 5.00600004196167
0, 0.0759773701429367, -0.7858673334121704, 4.828000068664551
1, 0.07388437539339066, -0.5325279235839844, 4.695000171661377
2, -0.0768364667892456, -0.5437569618225098, 4.794000148773193
3, -0.16434185206890106, -0.2816169261932373, 4.898000240325928
4, -0.1883859485387802, -0.0382545068860054, 4.695000171661377
5, 0.25048908591270447, -0.5476133823394775, 4.828000068664551
6, 0.32649993896484375, -0.29673635959625244, 4.63100004196167
7, 0.32649993896484375, -0.06820402294397354, 4.63100004196167
8, -0.04291931539773941, -0.00711778923869133, 4.539000034332275
9, -0.04439439997076988, 0.4251267910003662, 4.695000171661377
10, -0.04320298507809639, 0.7794845700263977, 4.569000244140625
11, 0.1820015013217926, -0.007164833601564169, 4.569000244140625
12, 0.21063658595085144, 0.41100117564201355, 4.539000034332275
13, 0.21346735954284668, 0.7847732901573181, 4.600000381469727
14, 0.01225927285850048, -0.7955144047737122, 4.728000164031982
15, 0.10390347987413406, -0.82411789894104, 4.898000240325928
16, -0.014124466106295586, -0.7972614765167236, 4.898000240325928
17, 0.1715323030948639, -0.8394196033477783, 5.1570000648498535
0, 0.0759773701429367, -0.7858673334121704, 4.828000068664551
1, 0.07492300122976303, -0.5400139093399048, 4.761000156402588
2, -0.07630755752325058, -0.5400139093399048, 4.761000156402588
3, -0.165516197681427, -0.28362926840782166, 4.933000087738037
4, -0.18971006572246552, -0.03852338716387749, 4.728000164031982
5, 0.25048908591270447, -0.5476133823394775, 4.828000068664551
6, 0.32875603437423706, -0.29878681898117065, 4.663000106811523
7, 0.32875603437423706, -0.06867530941963196, 4.663000106811523
8, -0.04291931539773941, -0.00711778923869133, 4.539000034332275
9, -0.043496113270521164, 0.3862576484680176, 4.600000381469727
10, -0.043496113270521164, 0.7847732901573181, 4.600000381469727
11, 0.17726126313209534, -0.006978224962949753, 4.450000286102295
12, 0.20650647580623627, 0.3736622929573059, 4.450000286102295
13, 0.2178759127855301, 0.8009805083274841, 4.695000171661377
14, 0.01251856330782175, -0.8123399615287781, 4.828000068664551
15, 0.10464594513177872, -0.8300068378448486, 4.933000087738037
16, -0.014329209923744202, -0.8088183403015137, 4.969000339508057
17, 0.13909374177455902, -0.8148409128189087, 5.00600004196167
0, 0.0759773701429367, -0.7858673334121704, 4.828000068664551
1, 0.07388437539339066, -0.5325279235839844, 4.695000171661377
2, -0.10167215019464493, -0.5362709164619446, 4.728000164031982
3, -0.19938014447689056, -0.28569915890693665, 4.969000339508057
4, -0.1883859485387802, -0.0382545068860054, 4.695000171661377
5, 0.25048908591270447, -0.5476133823394775, 4.828000068664551
6, 0.32875603437423706, -0.29878681898117065, 4.663000106811523
7, 0.32649993896484375, -0.06820402294397354, 4.63100004196167
8, -0.042626190930604935, -0.007069177459925413, 4.508000373840332
9, -0.04320298507809639, 0.413717657327652, 4.569000244140625
10, -0.042626190930604935, 0.7690778374671936, 4.508000373840332
11, 0.17726126313209534, -0.006978224962949753, 4.450000286102295
12, 0.2091980129480362, 0.4081941843032837, 4.508000373840332
13, 0.21346735954284668, 0.7847732901573181, 4.600000381469727
14, 0.01225927285850048, -0.8266236186027527, 4.728000164031982
15, 0.0759773701429367, -0.8123399615287781, 4.828000068664551
16, -0.014124466106295586, -0.7972614765167236, 4.898000240325928
17, 0.17026835680007935, -0.8613025546073914, 5.119000434875488
0, 0.07544232159852982, -0.7803330421447754, 4.794000148773193
1, 0.07440368831157684, -0.5362709164619446, 4.728000164031982
2, -0.0768364667892456, -0.5437569618225098, 4.794000148773193
3, -0.20234937965869904, -0.28995388746261597, 5.043000221252441
4, -0.19235830008983612, -0.03906115144491196, 4.794000148773193
5, 0.2616438567638397, -0.5996511578559875, 5.043000221252441
6, 0.32649993896484375, -0.29673635959625244, 4.63100004196167
7, 0.3200136423110962, -0.06684906780719757, 4.539000034332275
8, -0.042626190930604935, -0.007069177459925413, 4.508000373840332
9, -0.04320298507809639, 0.413717657327652, 4.569000244140625
10, -0.04291931539773941, 0.7743664383888245, 4.539000034332275
11, 0.17726126313209534, -0.006978224962949753, 4.450000286102295
12, 0.20251555740833282, 0.36644095182418823, 4.36400032043457
13, 0.21346735954284668, 0.7847732901573181, 4.600000381469727
14, 0.043936360627412796, -0.8381627798080444, 4.794000148773193
15, 0.10464594513177872, -0.862464964389801, 4.933000087738037
16, -0.014435906894505024, -0.8148409128189087, 5.00600004196167
17, 0.1715323030948639, -0.867696225643158, 5.1570000648498535
0, 0.0765281617641449, -0.791564404964447, 4.863000392913818
1, 0.07544232159852982, -0.5437569618225098, 4.794000148773193
2, -0.07738140225410461, -0.5476133823394775, 4.828000068664551
3, -0.20234937965869904, -0.28995388746261597, 5.043000221252441
4, -0.18710194528102875, -0.037993770092725754, 4.663000106811523
5, 0.25593674182891846, -0.5865713357925415, 4.933000087738037
6, 0.32875603437423706, -0.29878681898117065, 4.663000106811523
7, 0.3243143558502197, -0.06774746626615524, 4.600000381469727
8, -0.012916185893118382, -0.007023700978606939, 4.479000091552734
9, -0.04378923773765564, 0.4193316698074341, 4.63100004196167
10, -0.04378923773765564, 0.790061891078949, 4.63100004196167
11, 0.20650647580623627, -0.006978224962949753, 4.450000286102295
12, 0.20785222947597504, 0.4055682420730591, 4.479000091552734
13, 0.21202877163887024, 0.7794845700263977, 4.569000244140625
14, 0.0445687398314476, -0.8502265214920044, 4.863000392913818
15, 0.10390347987413406, -0.8563457131385803, 4.898000240325928
16, -0.01487134862691164, -0.8394196033477783, 5.1570000648498535
17, 0.1665097326040268, -0.8422895669937134, 5.00600004196167
0, 0.0759773701429367, -0.7858673334121704, 4.828000068664551
1, 0.10169728100299835, -0.57004314661026, 4.794000148773193
2, -0.0768364667892456, -0.5437569618225098, 4.794000148773193
3, -0.16434185206890106, -0.2816169261932373, 4.898000240325928
4, -0.18971006572246552, -0.03852338716387749, 4.728000164031982
5, 0.28221845626831055, -0.5740860104560852, 4.828000068664551
6, 0.33101212978363037, -0.3008372485637665, 4.695000171661377
7, 0.3243143558502197, -0.06774746626615524, 4.600000381469727
8, -0.012916185893118382, -0.007023700978606939, 4.479000091552734
9, -0.042626190930604935, 0.3785324990749359, 4.508000373840332
10, -0.04533051326870918, 0.8178701996803284, 4.794000148773193
11, 0.20381492376327515, -0.00688727293163538, 4.392000198364258
12, 0.2091980129480362, 0.4081941843032837, 4.508000373840332
13, 0.21346735954284668, 0.7847732901573181, 4.600000381469727
14, 0.043936360627412796, -0.8381627798080444, 4.794000148773193
15, 0.10390347987413406, -0.8563457131385803, 4.898000240325928
16, -0.014649303629994392, -0.8268861174583435, 5.080000400543213
17, 0.1665097326040268, -0.8422895669937134, 5.00600004196167
0, 0.07544232159852982, -0.8066192865371704, 4.794000148773193
1, 0.10316101461648941, -0.5782478451728821, 4.863000392913818
2, -0.07630755752325058, -0.5400139093399048, 4.761000156402588
3, -0.20383399724960327, -0.2920812666416168, 5.080000400543213
4, -0.19372253119945526, -0.00757098151370883, 4.828000068664551
5, 0.29046058654785156, -0.5908520221710205, 4.969000339508057
6, 0.33566534519195557, -0.3050662577152252, 4.761000156402588
7, 0.35693466663360596, -0.06820402294397354, 4.63100004196167
8, -0.012665302492678165, -0.00688727293163538, 4.392000198364258
9, -0.042626190930604935, 0.4081941843032837, 4.508000373840332
10, -0.04320298507809639, 0.7794845700263977, 4.569000244140625
11, 0.21202877163887024, -0.007164833601564169, 4.569000244140625
12, 0.216390922665596, 0.42222923040390015, 4.663000106811523
13, 0.21202877163887024, 0.7794845700263977, 4.569000244140625
14, 0.043936360627412796, -0.8381627798080444, 4.794000148773193
15, 0.10169728100299835, -0.8381627798080444, 4.794000148773193
16, -0.014761768281459808, -0.8332343101501465, 5.119000434875488
17, 0.1652790606021881, -0.8360641002655029, 4.969000339508057
0, 0.10169728100299835, -0.8066192865371704, 4.794000148773193
1, 0.10316101461648941, -0.5782478451728821, 4.863000392913818
2, -0.07577864080667496, -0.5362709164619446, 4.728000164031982
3, -0.13555197417736053, -0.27759215235710144, 4.828000068664551
4, -0.15330296754837036, -0.03722786903381348, 4.569000244140625
5, 0.28426438570022583, -0.5782478451728821, 4.863000392913818
6, 0.31782805919647217, -0.31357306241989136, 4.508000373840332
7, 0.3474544584751129, -0.06639251857995987, 4.508000373840332
8, -0.01250381488353014, -0.03532940149307251, 4.336000442504883
9, -0.04235197603702545, 0.4055682420730591, 4.479000091552734
10, -0.04320298507809639, 0.7794845700263977, 4.569000244140625
11, 0.20785222947597504, -0.007023700978606939, 4.479000091552734
12, 0.21202877163887024, 0.413717657327652, 4.569000244140625
13, 0.219407320022583, 0.8066104054450989, 4.728000164031982
14, 0.04424796625971794, -0.8441072106361389, 4.828000068664551
15, 0.10241853445768356, -0.8441072106361389, 4.828000068664551
16, 0.013076039031147957, -0.8208634853363037, 5.043000221252441
17, 0.1665097326040268, -0.8422895669937134, 5.00600004196167
0, 0.10099723935127258, -0.8010668158531189, 4.761000156402588
1, 0.12781287729740143, -0.5469751358032227, 4.600000381469727
2, -0.045018475502729416, -0.5400139093399048, 4.761000156402588
3, -0.10238178819417953, -0.27373993396759033, 4.761000156402588
4, -0.1543431133031845, -0.00721344631165266, 4.600000381469727
5, 0.29694902896881104, -0.6374760270118713, 5.080000400543213
6, 0.3452192544937134, -0.2869968116283417, 4.479000091552734
7, 0.35693466663360596, -0.06820402294397354, 4.63100004196167
8, 0.01146324910223484, -0.03602197393774986, 4.421000003814697
9, -0.012665302492678165, 0.3976905047893524, 4.392000198364258
10, -0.013539070263504982, 0.8009805083274841, 4.695000171661377
11, 0.23238205909729004, -0.036494553089141846, 4.479000091552734
12, 0.23087747395038605, 0.40294235944747925, 4.450000286102295
13, 0.21346735954284668, 0.7847732901573181, 4.600000381469727
14, 0.07492300122976303, -0.832393229007721, 4.761000156402588
15, 0.13320323824882507, -0.8381627798080444, 4.794000148773193
16, 0.013076039031147957, -0.8208634853363037, 5.043000221252441
17, 0.19231849908828735, -0.8123399615287781, 4.828000068664551
0, 0.10099723935127258, -0.774961531162262, 4.761000156402588
1, 0.13136939704418182, -0.5621952414512634, 4.728000164031982
2, -0.045982956886291504, -0.5515832304954529, 4.863000392913818
3, -0.07630755752325058, -0.27373993396759033, 4.761000156402588
4, -0.15538324415683746, -0.007262058090418577, 4.63100004196167
5, 0.3162238299846649, -0.5782478451728821, 4.863000392913818
6, 0.34984374046325684, -0.29084137082099915, 4.539000034332275
7, 0.3697490990161896, -0.06596540659666061, 4.479000091552734
8, 0.011927381157875061, -0.03748045489192009, 4.600000381469727
9, -0.012748930603265762, 0.3712271749973297, 4.421000003814697
10, -0.04320298507809639, 0.7794845700263977, 4.569000244140625
11, 0.23549501597881317, -0.0369834266602993, 4.539000034332275
12, 0.23705150187015533, 0.413717657327652, 4.569000244140625
13, 0.24026821553707123, 0.790061891078949, 4.63100004196167
14, 0.07492300122976303, -0.832393229007721, 4.761000156402588
15, 0.13320323824882507, -0.8381627798080444, 4.794000148773193
16, 0.04621841385960579, -0.8208634853363037, 5.043000221252441
17, 0.19096414744853973, -0.8066192865371704, 4.794000148773193
0, 0.1304524838924408, -0.7642185688018799, 4.695000171661377
1, 0.1304524838924408, -0.5582712888717651, 4.695000171661377
2, -0.013824558816850185, -0.57004314661026, 4.794000148773193
3, -0.07577864080667496, -0.2718425393104553, 4.728000164031982
4, -0.1543431133031845, -0.00721344631165266, 4.600000381469727
5, 0.31173697113990784, -0.57004314661026, 4.794000148773193
6, 0.35940107703208923, -0.29878681898117065, 4.663000106811523
7, 0.37973785400390625, -0.03748045489192009, 4.600000381469727
8, 0.012090733274817467, -0.037993770092725754, 4.663000106811523
9, -0.041803546249866486, 0.3712271749973297, 4.421000003814697
10, -0.013089208863675594, 0.7743664383888245, 4.539000034332275
11, 0.23388667404651642, -0.036730844527482986, 4.508000373840332
12, 0.24192845821380615, 0.42222923040390015, 4.663000106811523
13, 0.23865987360477448, 0.7847732901573181, 4.600000381469727
14, 0.09959714859724045, -0.8208540678024292, 4.695000171661377
15, 0.1583605408668518, -0.832393229007721, 4.761000156402588
16, 0.045210275799036026, -0.8300068378448486, 4.933000087738037
17, 0.22404789924621582, -0.8123399615287781, 4.828000068664551
0, 0.1295633465051651, -0.7845777273178101, 4.663000106811523
1, 0.12525661289691925, -0.5360355973243713, 4.508000373840332
2, -0.013634232804179192, -0.5621952414512634, 4.728000164031982
3, -0.07422395795583725, -0.2662653923034668, 4.63100004196167
4, -0.1291506141424179, -0.00721344631165266, 4.600000381469727
5, 0.313947856426239, -0.5740860104560852, 4.828000068664551
6, 0.3875802457332611, -0.3008372485637665, 4.695000171661377
7, 0.4072060286998749, -0.03722786903381348, 4.569000244140625
8, 0.011847000569105148, -0.03722786903381348, 4.569000244140625
9, -0.012665302492678165, 0.3687920868396759, 4.392000198364258
10, -0.012916185893118382, 0.7641302943229675, 4.479000091552734
11, 0.23238205909729004, -0.036494553089141846, 4.479000091552734
12, 0.22937287390232086, 0.40031641721725464, 4.421000003814697
13, 0.21063658595085144, 0.7743664383888245, 4.539000034332275
14, 0.0982394888997078, -0.8096645474433899, 4.63100004196167
15, 0.19096414744853973, -0.8381627798080444, 4.794000148773193
16, 0.045210275799036026, -0.8300068378448486, 4.933000087738037
17, 0.22404789924621582, -0.8123399615287781, 4.828000068664551
0, 0.1286742091178894, -0.7791935205459595, 4.63100004196167
1, 0.12525661289691925, -0.5360355973243713, 4.508000373840332
2, -0.013634232804179192, -0.5621952414512634, 4.728000164031982
3, -0.07473684847354889, -0.26810526847839355, 4.663000106811523
4, -0.1291506141424179, -0.03748045489192009, 4.600000381469727
5, 0.313947856426239, -0.6058531999588013, 4.828000068664551
6, 0.37470218539237976, -0.31572937965393066, 4.539000034332275
7, 0.42725881934165955, -0.07060463726520538, 4.794000148773193
8, 0.011847000569105148, -0.03722786903381348, 4.569000244140625
9, -0.012748930603265762, 0.3712271749973297, 4.421000003814697
10, -0.012916185893118382, 0.7641302943229675, 4.479000091552734
11, 0.23087747395038605, -0.036258265376091, 4.450000286102295
12, 0.22496287524700165, 0.36408984661102295, 4.336000442504883
13, 0.21202877163887024, 0.7794845700263977, 4.569000244140625
14, 0.0975818783044815, -0.8042446970939636, 4.600000381469727
15, 0.15510086715221405, -0.8152592778205872, 4.663000106811523
16, 0.045210275799036026, -0.8300068378448486, 4.933000087738037
17, 0.22093871235847473, -0.8010668158531189, 4.761000156402588
0, 0.12781287729740143, -0.7739776372909546, 4.600000381469727
1, 0.14515551924705505, -0.5189129114151001, 4.36400032043457
2, -0.013265117071568966, -0.5469751358032227, 4.600000381469727
3, -0.07372710853815079, -0.2644830346107483, 4.600000381469727
4, -0.1291506141424179, -0.00721344631165266, 4.600000381469727
5, 0.2991218566894531, -0.5469751358032227, 4.600000381469727
6, 0.37214311957359314, -0.28885501623153687, 4.508000373840332
7, 0.4072060286998749, -0.03722786903381348, 4.569000244140625
8, 0.011927381157875061, -0.03748045489192009, 4.600000381469727
9, -0.012748930603265762, 0.3712271749973297, 4.421000003814697
10, -0.012425953522324562, 0.7067754864692688, 4.309000015258789
11, 0.22786828875541687, -0.03578568622469902, 4.392000198364258
12, 0.23087747395038605, 0.3736622929573059, 4.450000286102295
13, 0.2091980129480362, 0.7690778374671936, 4.508000373840332
14, 0.0982394888997078, -0.8096645474433899, 4.63100004196167
15, 0.18447120487689972, -0.8096645474433899, 4.63100004196167
16, 0.0445687398314476, -0.8502265214920044, 4.863000392913818
17, 0.22093871235847473, -0.832393229007721, 4.761000156402588
0, 0.09628784656524658, -0.793579638004303, 4.539000034332275
1, 0.12283927947282791, -0.5256906151771545, 4.421000003814697
2, -0.04291931539773941, -0.5148336887359619, 4.539000034332275
3, -0.07225256413221359, -0.2591933608055115, 4.508000373840332
4, -0.12656760215759277, -0.007069177459925413, 4.508000373840332
5, 0.30113765597343445, -0.581132173538208, 4.63100004196167
6, 0.3697490990161896, -0.2869968116283417, 4.479000091552734
7, 0.4556068480014801, -0.03879226744174957, 4.761000156402588
8, 0.011538444086909294, -0.036258265376091, 4.450000286102295
9, -0.012584558688104153, 0.36644095182418823, 4.36400032043457
10, -0.012348093092441559, 0.7023468613624573, 4.2820000648498535
11, 0.22641557455062866, -0.035557541996240616, 4.36400032043457
12, 0.22641557455062866, 0.3951551616191864, 4.36400032043457
13, 0.21202877163887024, 0.8095476031303406, 4.569000244140625
14, 0.07190153747797012, -0.8288878202438354, 4.569000244140625
15, 0.12611795961856842, -0.8234453201293945, 4.539000034332275
16, 0.012980100698769093, -0.8422895669937134, 5.00600004196167
17, 0.18447120487689972, -0.7791935205459595, 4.63100004196167
0, 0.09439985454082489, -0.7780193090438843, 4.450000286102295
1, 0.12047752737998962, -0.5155835151672363, 4.336000442504883
2, -0.042626190930604935, -0.5360355973243713, 4.508000373840332
3, -0.07323025166988373, -0.2627006471157074, 4.569000244140625
4, -0.12493917346000671, -0.006978224962949753, 4.450000286102295
5, 0.29313942790031433, -0.5656972527503967, 4.508000373840332
6, 0.37973785400390625, -0.29475003480911255, 4.600000381469727
7, 0.4017694890499115, -0.036730844527482986, 4.508000373840332
8, 0.011388055048882961, -0.03578568622469902, 4.392000198364258
9, -0.012584558688104153, 0.36644095182418823, 4.36400032043457
10, -0.012117396108806133, 0.6892250180244446, 4.202000141143799
11, 0.22641557455062866, -0.035557541996240616, 4.36400032043457
12, 0.22937287390232086, 0.40031641721725464, 4.421000003814697
13, 0.21063658595085144, 0.7743664383888245, 4.539000034332275
14, 0.07048521935939789, -0.8125603795051575, 4.479000091552734
15, 0.12525661289691925, -0.8178214430809021, 4.508000373840332
16, 0.012173706665635109, -0.8208540678024292, 4.695000171661377
17, 0.18574589490890503, -0.8152592778205872, 4.663000106811523
0, 0.09439985454082489, -0.7780193090438843, 4.450000286102295
1, 0.11972731351852417, -0.5123729705810547, 4.309000015258789
2, -0.0717877596616745, -0.5325872302055359, 4.479000091552734
3, -0.09569396823644638, -0.25585857033729553, 4.450000286102295
4, -0.14833714067935944, -0.03602197393774986, 4.421000003814697
5, 0.2670787572860718, -0.6034150123596191, 4.569000244140625
6, 0.3341975510120392, -0.3016088902950287, 4.336000442504883
7, 0.39401569962501526, -0.08935222029685974, 4.421000003814697
8, 0.011613638140261173, -0.036494553089141846, 4.479000091552734
9, -0.012270232662558556, 0.35728830099105835, 4.255000114440918
10, -0.012045302428305149, 0.7126082181930542, 4.177000045776367
11, 0.22496287524700165, -0.03532940149307251, 4.336000442504883
12, 0.23087747395038605, 0.40294235944747925, 4.450000286102295
13, 0.21346735954284668, 0.7847732901573181, 4.600000381469727
14, 0.04078364744782448, -0.8072993755340576, 4.450000286102295
15, 0.12525661289691925, -0.8178214430809021, 4.508000373840332
16, 0.012007759883999825, -0.8096645474433899, 4.63100004196167
17, 0.15300536155700684, -0.8345116972923279, 4.600000381469727
0, 0.06867548823356628, -0.8156260848045349, 4.36400032043457
1, 0.090263232588768, -0.58527672290802, 4.255000114440918
2, -0.07085815817117691, -0.5547798275947571, 4.421000003814697
3, -0.1493101865053177, -0.2851386070251465, 4.450000286102295
4, -0.17510463297367096, -0.035557541996240616, 4.36400032043457
5, 0.2601226568222046, -0.6120990514755249, 4.450000286102295
6, 0.3300354480743408, -0.3260273039340973, 4.2820000648498535
7, 0.355715274810791, -0.08708860725164413, 4.309000015258789
8, -0.012748930603265762, -0.0651111975312233, 4.421000003814697
9, -0.04074450954794884, 0.36182263493537903, 4.309000015258789
10, -0.012117396108806133, 0.716873288154602, 4.202000141143799
11, 0.19499778747558594, -0.061885833740234375, 4.202000141143799
12, 0.22356201708316803, 0.36182263493537903, 4.309000015258789
13, 0.21346735954284668, 0.7847732901573181, 4.600000381469727
14, 0.011315454728901386, -0.8443402647972107, 4.36400032043457
15, 0.09378466010093689, -0.8553684949874878, 4.421000003814697
16, -0.012916185893118382, -0.8125603795051575, 4.479000091552734
17, 0.159458190202713, -0.8959925174713135, 4.794000148773193
0, 0.03973885625600815, -0.8103929758071899, 4.336000442504883
1, 0.07048521935939789, -0.6160879731178284, 4.479000091552734
2, -0.09444671869277954, -0.5800391435623169, 4.392000198364258
3, -0.1821264624595642, -0.31572937965393066, 4.539000034332275
4, -0.20247715711593628, -0.06385935097932816, 4.336000442504883
5, 0.22641557455062866, -0.6002697348594666, 4.36400032043457
6, 0.3279544413089752, -0.35196855664253235, 4.255000114440918
7, 0.3321164846420288, -0.11544089019298553, 4.309000015258789
8, -0.03997860103845596, -0.062268756330013275, 4.228000164031982
9, -0.03949635848402977, 0.3278355896472931, 4.177000045776367
10, -0.012584558688104153, 0.7445110082626343, 4.36400032043457
11, 0.1926310807466507, -0.06113471835851669, 4.151000022888184
12, 0.2221611887216568, 0.33607661724090576, 4.2820000648498535
13, 0.21346735954284668, 0.7847732901573181, 4.600000381469727
14, -0.012584558688104153, -0.8682687282562256, 4.36400032043457
15, 0.06823486089706421, -0.8626978397369385, 4.336000442504883
16, -0.041803546249866486, -0.8262792825698853, 4.421000003814697
17, 0.12047752737998962, -0.838922917842865, 4.336000442504883
0, 0.011102834716439247, -0.8284749984741211, 4.2820000648498535
1, 0.03874904662370682, -0.581562876701355, 4.228000164031982
2, -0.12252461910247803, -0.6002697348594666, 4.36400032043457
3, -0.20780058205127716, -0.3095386326313019, 4.450000286102295
4, -0.22622382640838623, -0.08763431012630463, 4.336000442504883
5, 0.22641557455062866, -0.6289839148521423, 4.36400032043457
6, 0.3037979304790497, -0.3800622522830963, 4.309000015258789
7, 0.3300354480743408, -0.16637104749679565, 4.2820000648498535
8, -0.039250511676073074, -0.08389528840780258, 4.151000022888184
9, -0.039014123380184174, 0.32383283972740173, 4.12600040435791
10, -0.012425953522324562, 0.7351278066635132, 4.309000015258789
11, 0.16841810941696167, -0.08545152842998505, 4.228000164031982
12, 0.19383762776851654, 0.3278355896472931, 4.177000045776367
13, 0.216390922665596, 0.7648396492004395, 4.663000106811523
14, -0.012348093092441559, -0.8519538640975952, 4.2820000648498535
15, 0.06823486089706421, -0.8626978397369385, 4.336000442504883
16, -0.06863031536340714, -0.8284749984741211, 4.2820000648498535
17, 0.12125551700592041, -0.8682687282562256, 4.36400032043457
0, -0.012348093092441559, -0.8519538640975952, 4.2820000648498535
1, 0.03874904662370682, -0.6093822121620178, 4.228000164031982
2, -0.144579216837883, -0.5927044153213501, 4.309000015258789
3, -0.20644636452198029, -0.3366106450557709, 4.421000003814697
4, -0.22199776768684387, -0.08599722385406494, 4.255000114440918
5, 0.20251555740833282, -0.6529123783111572, 4.36400032043457
6, 0.3037979304790497, -0.3800622522830963, 4.309000015258789
7, 0.3279544413089752, -0.16532199084758759, 4.255000114440918
8, -0.06613001227378845, -0.11053821444511414, 4.12600040435791
9, -0.06734810769557953, 0.32979774475097656, 4.202000141143799
10, -0.04048920422792435, 0.7305215001106262, 4.2820000648498535
11, 0.16335919499397278, -0.10986844450235367, 4.1010003089904785
12, 0.19620434939861298, 0.3040190637111664, 4.228000164031982
13, 0.20785222947597504, 0.7101004123687744, 4.479000091552734
14, -0.04048920422792435, -0.8801285028457642, 4.2820000648498535
15, 0.03973885625600815, -0.8912277817726135, 4.336000442504883
16, -0.06906305998563766, -0.8573257923126221, 4.309000015258789
17, 0.09257549792528152, -0.8682687282562256, 4.36400032043457
0, -0.012270232662558556, -0.8745788931846619, 4.255000114440918
1, 0.010962818749248981, -0.6093822121620178, 4.228000164031982
2, -0.17398114502429962, -0.624948263168335, 4.336000442504883
3, -0.17181439697742462, -0.3260273039340973, 4.2820000648498535
4, -0.23217159509658813, -0.1192183792591095, 4.450000286102295
5, 0.18323636054992676, -0.7184881567955017, 4.600000381469727
6, 0.27668771147727966, -0.3752993643283844, 4.255000114440918
7, 0.2948121726512909, -0.17378264665603638, 3.825000286102295
8, -0.06419066339731216, -0.10729653388261795, 4.005000114440918
9, -0.06694741547107697, 0.3278355896472931, 4.177000045776367
10, -0.040233902633190155, 0.725915253162384, 4.255000114440918
11, 0.1347777545452118, -0.10855569690465927, 4.052000045776367
12, 0.18919704854488373, 0.2931612432003021, 4.077000141143799
13, 0.20516067743301392, 0.7009050846099854, 4.421000003814697
14, -0.0681975707411766, -0.9025758504867554, 4.255000114440918
15, 0.011102834716439247, -0.9083031415939331, 4.2820000648498535
16, -0.09444671869277954, -0.902738094329834, 4.392000198364258
17, 0.07048521935939789, -0.9206201434135437, 4.479000091552734
0, -0.012270232662558556, -0.8745788931846619, 4.255000114440918
1, 0.010830579325556755, -0.6249346733093262, 4.177000045776367
2, -0.17181439697742462, -0.617165207862854, 4.2820000648498535
3, -0.1999555081129074, -0.3260273039340973, 4.2820000648498535
4, -0.26141679286956787, -0.1192183792591095, 4.450000286102295
5, 0.1820015013217926, -0.7437092065811157, 4.569000244140625
6, 0.2534588575363159, -0.43474864959716797, 4.336000442504883
7, 0.28236499428749084, -0.2039206624031067, 4.005000114440918
8, -0.08661916851997375, -0.10791272670030594, 4.028000354766846
9, -0.08926418423652649, 0.2984822690486908, 4.151000022888184
10, -0.03997860103845596, 0.7213089466094971, 4.228000164031982
11, 0.13088610768318176, -0.13131265342235565, 3.93500018119812
12, 0.18692316114902496, 0.28963783383369446, 4.028000354766846
13, 0.17056913673877716, 0.7023468613624573, 4.2820000648498535
14, -0.0681975707411766, -0.9259066581726074, 4.255000114440918
15, 0.011032827198505402, -0.9259066581726074, 4.255000114440918
16, -0.12022235989570618, -0.8801285028457642, 4.2820000648498535
17, 0.06780996173620224, -0.9140303730964661, 4.309000015258789
0, -0.012270232662558556, -0.8745788931846619, 4.255000114440918
1, -0.012045302428305149, -0.6524184346199036, 4.177000045776367
2, -0.17073102295398712, -0.6366044878959656, 4.255000114440918
3, -0.21657173335552216, -0.34336578845977783, 4.151000022888184
4, -0.2666451036930084, -0.1514683961868286, 4.539000034332275
5, 0.17726126313209534, -0.7243392467498779, 4.450000286102295
6, 0.2503022849559784, -0.45750895142555237, 4.2820000648498535
7, 0.287441223859787, -0.23441244661808014, 4.077000141143799
8, -0.0836515724658966, -0.12981098890304565, 3.890000104904175
9, -0.06653069704771042, 0.2984822690486908, 4.151000022888184
10, -0.03973275423049927, 0.6892250180244446, 4.202000141143799
11, 0.13321444392204285, -0.15560859441757202, 4.005000114440918
12, 0.15320153534412384, 0.27655091881752014, 3.8460001945495605
13, 0.16535088419914246, 0.6808598637580872, 4.151000022888184
14, -0.03997860103845596, -0.9200313687324524, 4.228000164031982
15, 0.011032827198505402, -0.9259066581726074, 4.255000114440918
16, -0.12098041921854019, -0.8856781125068665, 4.309000015258789
17, 0.06823486089706421, -0.9197577834129333, 4.336000442504883
0, -0.012117396108806133, -0.8913334608078003, 4.202000141143799
1, -0.012045302428305149, -0.6524184346199036, 4.177000045776367
2, -0.16964766383171082, -0.6325649619102478, 4.228000164031982
3, -0.2483753263950348, -0.3497351408004761, 4.228000164031982
4, -0.26141679286956787, -0.1192183792591095, 4.450000286102295
5, 0.17383554577827454, -0.7103407382965088, 4.36400032043457
6, 0.25188055634498596, -0.4603937566280365, 4.309000015258789
7, 0.3238694667816162, -0.2139512151479721, 4.202000141143799
8, -0.08661916851997375, -0.10791272670030594, 4.028000354766846
9, -0.08872658759355545, 0.2966846525669098, 4.12600040435791
10, -0.03997860103845596, 0.7213089466094971, 4.228000164031982
11, 0.13088610768318176, -0.13131265342235565, 3.93500018119812
12, 0.15857911109924316, 0.2862582504749298, 3.9810001850128174
13, 0.15407788753509521, 0.6598919630050659, 3.8680002689361572
14, -0.06776482611894608, -0.9478507041931152, 4.228000164031982
15, 0.011032827198505402, -0.9539036750793457, 4.255000114440918
16, -0.11946430802345276, -0.9025758504867554, 4.255000114440918
17, 0.06780996173620224, -0.9376572966575623, 4.309000015258789
0, -0.011970325373113155, -0.8805152177810669, 4.151000022888184
1, 0.010830579325556755, -0.679902195930481, 4.177000045776367
2, -0.165554940700531, -0.6173044443130493, 4.12600040435791
3, -0.25636470317840576, -0.3849133849143982, 4.36400032043457
4, -0.26141679286956787, -0.14849843084812164, 4.450000286102295
5, 0.16949363052845, -0.6925985217094421, 4.255000114440918
6, 0.25188055634498596, -0.4603937566280365, 4.309000015258789
7, 0.3160848915576935, -0.20880866050720215, 4.1010003089904785
8, -0.0841461718082428, -0.13057850301265717, 3.9130001068115234
9, -0.06613001227378845, 0.2966846525669098, 4.12600040435791
10, -0.039014123380184174, 0.6767593026161194, 4.12600040435791
11, 0.12938931584358215, -0.12981098890304565, 3.890000104904175
12, 0.1481824517250061, 0.2674907445907593, 3.7200002670288086
13, 0.14503556489944458, 0.6211650967597961, 3.641000270843506
14, -0.039250511676073074, -0.9305884838104248, 4.151000022888184
15, 0.010830579325556755, -0.936417281627655, 4.177000045776367
16, -0.11654437333345413, -0.8805152177810669, 4.151000022888184
17, 0.06823486089706421, -0.9435327053070068, 4.336000442504883
0, -0.011970325373113155, -0.9032757878303528, 4.151000022888184
1, 0.010763163678348064, -0.6756700873374939, 4.151000022888184
2, -0.16655804216861725, -0.6483573913574219, 4.151000022888184
3, -0.21657173335552216, -0.3661263585090637, 4.151000022888184
4, -0.25636470317840576, -0.14562857151031494, 4.36400032043457
5, 0.19620434939861298, -0.6882036328315735, 4.228000164031982
6, 0.27668771147727966, -0.42662715911865234, 4.255000114440918
7, 0.34481847286224365, -0.21267829835414886, 4.177000045776367
8, -0.08178070932626724, -0.12690775096416473, 3.8030002117156982
9, -0.06494396179914474, 0.29136356711387634, 4.052000045776367
10, -0.039014123380184174, 0.7039075493812561, 4.12600040435791
11, 0.1316511332988739, -0.15378248691558838, 3.9580001831054688
12, 0.14738577604293823, 0.241707444190979, 3.700000286102295
13, 0.14272518455982208, 0.5876947641372681, 3.5830001831054688
14, -0.039250511676073074, -0.9305884838104248, 4.151000022888184
15, 0.010763163678348064, -0.9305884838104248, 4.151000022888184
16, -0.09036090970039368, -0.942021906375885, 4.202000141143799
17, 0.0669601708650589, -0.9539036750793457, 4.255000114440918
0, -0.01189823355525732, -0.9249839782714844, 4.12600040435791
1, 0.010698342695832253, -0.6716008186340332, 4.12600040435791
2, -0.16455182433128357, -0.6405478119850159, 4.1010003089904785
3, -0.19267083704471588, -0.3639213442802429, 4.12600040435791
4, -0.2483753263950348, -0.14109018445014954, 4.228000164031982
5, 0.20251555740833282, -0.7342692613601685, 4.36400032043457
6, 0.27668771147727966, -0.42662715911865234, 4.255000114440918
7, 0.3193100094795227, -0.19694511592388153, 3.8680002689361572
8, -0.08225380629301071, -0.12764191627502441, 3.825000286102295
9, -0.06380600482225418, 0.2862582504749298, 3.9810001850128174
10, -0.03949635848402977, 0.7126082181930542, 4.177000045776367
11, 0.15320153534412384, -0.14943088591098785, 3.8460001945495605
12, 0.1481824517250061, 0.24301397800445557, 3.7200002670288086
13, 0.1442388892173767, 0.6177530288696289, 3.621000289916992
14, -0.039014123380184174, -0.9521321654319763, 4.12600040435791
15, 0.03781423345208168, -0.9521321654319763, 4.12600040435791
16, -0.09266185760498047, -0.9660096168518066, 4.309000015258789
17, 0.08913891762495041, -0.942021906375885, 4.202000141143799
0, 0.010633518919348717, -0.9193793535232544, 4.1010003089904785
1, 0.037365153431892395, -0.6636249423027039, 4.077000141143799
2, -0.13679496943950653, -0.6636249423027039, 4.077000141143799
3, -0.19267083704471588, -0.3639213442802429, 4.12600040435791
4, -0.21140657365322113, -0.13521699607372284, 4.052000045776367
5, 0.21801058948040009, -0.7070117592811584, 4.202000141143799
6, 0.287441223859787, -0.4087800085544586, 4.077000141143799
7, 0.3193100094795227, -0.17573627829551697, 3.8680002689361572
8, -0.06061650067567825, -0.12620697915554047, 3.7820000648498535
9, -0.06343736499547958, 0.28460440039634705, 3.9580001831054688
10, -0.039014123380184174, 0.6767593026161194, 4.12600040435791
11, 0.15148866176605225, -0.12690775096416473, 3.8030002117156982
12, 0.16803593933582306, 0.2603720426559448, 3.621000289916992
13, 0.14196833968162537, 0.6080286502838135, 3.564000129699707
14, -0.011756930500268936, -0.9631794691085815, 4.077000141143799
15, 0.06453670561313629, -0.9688494801521301, 4.1010003089904785
16, -0.06734810769557953, -0.9696701765060425, 4.202000141143799
17, 0.11675427854061127, -0.9696701765060425, 4.202000141143799
0, 0.03691607713699341, -0.9295173287391663, 4.028000354766846
1, 0.03544969856739044, -0.6508142352104187, 3.8680002689361572
2, -0.13595613837242126, -0.6595556139945984, 4.052000045776367
3, -0.19267083704471588, -0.3639213442802429, 4.12600040435791
4, -0.2029544860124588, -0.12981098890304565, 3.890000104904175
5, 0.2127704620361328, -0.6900178790092468, 4.1010003089904785
6, 0.2681233584880829, -0.43135330080986023, 3.8030002117156982
7, 0.36335715651512146, -0.20758666098117828, 4.077000141143799
8, -0.05962279066443443, -0.14453533291816711, 3.7200002670288086
9, -0.06199488043785095, 0.2781328558921814, 3.8680002689361572
10, -0.03973275423049927, 0.716873288154602, 4.202000141143799
11, 0.1457924097776413, -0.14220412075519562, 3.6600000858306885
12, 0.1636737734079361, 0.2536128759384155, 3.5270001888275146
13, 0.16455549001693726, 0.6282897591590881, 3.5460002422332764
14, -0.01182614080607891, -0.995833158493042, 4.1010003089904785
15, 0.06302596628665924, -0.9725217223167419, 4.005000114440918
16, -0.04048920422792435, -0.9881312847137451, 4.2820000648498535
17, 0.11464259773492813, -0.9747556447982788, 4.12600040435791
0, 0.06302596628665924, -0.9461696743965149, 4.005000114440918
1, 0.059516653418540955, -0.6612289547920227, 3.7820000648498535
2, -0.10859881341457367, -0.6762648820877075, 3.8680002689361572
3, -0.18482576310634613, -0.37514618039131165, 3.9580001831054688
4, -0.20415447652339935, -0.15203407406806946, 3.9130001068115234
5, 0.23972204327583313, -0.7439852952957153, 4.1010003089904785
6, 0.28987935185432434, -0.4265894591808319, 3.761000156402588
7, 0.3446956276893616, -0.18340131640434265, 3.6020002365112305
8, -0.03442811965942383, -0.1414659023284912, 3.641000270843506
9, -0.03576136752963066, 0.2719489336013794, 3.7820000648498535
10, -0.011970325373113155, 0.7081725001335144, 4.151000022888184
11, 0.16627250611782074, -0.13921238481998444, 3.5830001831054688
12, 0.16200315952301025, 0.2510242462158203, 3.491000175476074
13, 0.16200315952301025, 0.595574676990509, 3.491000175476074
14, 0.03627453371882439, -0.9828112125396729, 3.9580001831054688
15, 0.08445074409246445, -0.9885223507881165, 3.9810001850128174
16, -0.01189823355525732, -0.9747556447982788, 4.12600040435791
17, 0.1716446578502655, -1.0179888010025024, 4.309000015258789
0, 0.08347492665052414, -0.9555238485336304, 3.93500018119812
1, 0.08114144951105118, -0.6939145922660828, 3.825000286102295
2, -0.08225380629301071, -0.6687469482421875, 3.825000286102295
3, -0.1588139683008194, -0.39684849977493286, 3.9580001831054688
4, -0.20415447652339935, -0.17778077721595764, 3.9130001068115234
5, 0.2558792233467102, -0.7138702869415283, 3.93500018119812
6, 0.3122105598449707, -0.4289713501930237, 3.7820000648498535
7, 0.32737472653388977, -0.19669488072395325, 3.4210002422332764
8, -0.034059349447488785, -0.13995061814785004, 3.6020002365112305
9, -0.05930224061012268, 0.241707444190979, 3.700000286102295
10, -0.011756930500268936, 0.6687221527099609, 4.077000141143799
11, 0.16803593933582306, -0.14068883657455444, 3.621000289916992
12, 0.18205596506595612, 0.2292301058769226, 3.509000062942505
13, 0.16539078950881958, 0.6080286502838135, 3.564000129699707
14, 0.06228633597493172, -1.0088539123535156, 3.9580001831054688
15, 0.10872429609298706, -0.9716372489929199, 3.9130001068115234
16, 0.010506466031074524, -1.0061522722244263, 4.052000045776367
17, 0.15857911109924316, -0.9666939377784729, 3.9810001850128174
0, 0.0793595165014267, -0.9289278984069824, 3.741000175476074
1, 0.10336171835660934, -0.6952633261680603, 3.7200002670288086
2, -0.06027992442250252, -0.6823040246963501, 3.761000156402588
3, -0.16069982945919037, -0.42791298031806946, 4.005000114440918
4, -0.19731976091861725, -0.19256627559661865, 3.7820000648498535
5, 0.26375216245651245, -0.6991881728172302, 3.741000175476074
6, 0.31113070249557495, -0.41510653495788574, 3.491000175476074
7, 0.3496512770652771, -0.1987072378396988, 3.4560000896453857
8, -0.03335017338395119, -0.17958256602287292, 3.5270001888275146
9, -0.056240957230329514, 0.20998971164226532, 3.509000062942505
10, -0.01141376793384552, 0.6275010704994202, 3.9580001831054688
11, 0.16539078950881958, -0.16192452609539032, 3.564000129699707
12, 0.18688105046749115, 0.23530547320842743, 3.6020002365112305
13, 0.16455549001693726, 0.6049578189849854, 3.5460002422332764
14, 0.060193341225385666, -0.9749535918235779, 3.825000286102295
15, 0.12649552524089813, -0.9693460464477539, 3.8030002117156982
16, 0.009645621292293072, -0.9237134456634521, 3.7200002670288086
17, 0.1914709508419037, -1.0019038915634155, 4.12600040435791
0, 0.10508440434932709, -0.9391086101531982, 3.7820000648498535
1, 0.09902718663215637, -0.6661070585250854, 3.564000129699707
2, -0.05995937064290047, -0.6991881728172302, 3.741000175476074
3, -0.12689687311649323, -0.4289713501930237, 3.7820000648498535
4, -0.19518065452575684, -0.19047871232032776, 3.741000175476074
5, 0.26516222953796387, -0.7029260993003845, 3.761000156402588
6, 0.32574787735939026, -0.40476155281066895, 3.4040000438690186
7, 0.3550134003162384, -0.24408337473869324, 3.509000062942505
8, -0.03352982923388481, -0.1805499941110611, 3.5460002422332764
9, -0.055952463299036026, 0.20891255140304565, 3.491000175476074
10, -0.035959940403699875, 0.6029273867607117, 3.8030002117156982
11, 0.18589527904987335, -0.18243390321731567, 3.5830001831054688
12, 0.18205596506595612, 0.2292301058769226, 3.509000062942505
13, 0.1671542227268219, 0.6382119655609131, 3.6020002365112305
14, 0.06052381172776222, -1.0056121349334717, 3.8460001945495605
15, 0.12579701840877533, -0.988878071308136, 3.7820000648498535
16, 0.010698342695832253, -1.0516754388809204, 4.12600040435791
17, 0.18474207818508148, -1.014716386795044, 3.9810001850128174
0, 0.10336171835660934, -0.9481902122497559, 3.7200002670288086
1, 0.10116666555404663, -0.7044553160667419, 3.641000270843506
2, -0.05898168310523033, -0.7120009064674377, 3.680000066757202
3, -0.12347447872161865, -0.43758004903793335, 3.680000066757202
4, -0.19518065452575684, -0.2150936871767044, 3.741000175476074
5, 0.2851777970790863, -0.7158705592155457, 3.700000286102295
6, 0.34439030289649963, -0.40476155281066895, 3.4040000438690186
7, 0.33437424898147583, -0.2298932820558548, 3.305000066757202
8, -0.01006706990301609, -0.20071960985660553, 3.491000175476074
9, -0.054558057337999344, 0.20370618999004364, 3.4040000438690186
10, -0.010387163609266281, 0.5908111929893494, 3.6020002365112305
11, 0.2020188570022583, -0.1987072378396988, 3.4560000896453857
12, 0.18018819391727448, 0.226878359913826, 3.4730000495910645
13, 0.16896405816078186, 0.6451221108436584, 3.641000270843506
14, 0.0784897729754448, -0.9877252578735352, 3.700000286102295
15, 0.12240428477525711, -0.9823861718177795, 3.680000066757202
16, 0.010203096084296703, -1.0029914379119873, 3.93500018119812
17, 0.17949821054935455, -1.011364459991455, 3.8680002689361572
0, 0.07806549221277237, -0.9379945397377014, 3.680000066757202
1, 0.10280600935220718, -0.7158705592155457, 3.700000286102295
2, -0.05866113305091858, -0.7081313729286194, 3.6600000858306885
3, -0.12280342727899551, -0.4352019131183624, 3.6600000858306885
4, -0.17277801036834717, -0.23708154261112213, 3.700000286102295
5, 0.2820947766304016, -0.7281997203826904, 3.6600000858306885
6, 0.33437424898147583, -0.41473588347435, 3.305000066757202
7, 0.34095045924186707, -0.25658851861953735, 3.370000123977661
8, -0.03317996859550476, -0.20175454020500183, 3.509000062942505
9, -0.032187122851610184, 0.20370618999004364, 3.4040000438690186
10, -0.009966139681637287, 0.5896035432815552, 3.4560000896453857
11, 0.1811220794916153, -0.20071960985660553, 3.491000175476074
12, 0.18018819391727448, 0.226878359913826, 3.4730000495910645
13, 0.16539078950881958, 0.6080286502838135, 3.564000129699707
14, 0.05822623893618584, -1.0120704174041748, 3.700000286102295
15, 0.1211070716381073, -0.9719750285148621, 3.641000270843506
16, 0.010029371827840805, -1.011364459991455, 3.8680002689361572
17, 0.17847727239131927, -1.0056121349334717, 3.8460001945495605
0, 0.07681390643119812, -0.9666360020637512, 3.621000289916992
1, 0.0995551124215126, -0.7128796577453613, 3.5830001831054688
2, -0.07704976946115494, -0.6932335495948792, 3.5830001831054688
3, -0.12280342727899551, -0.4352019131183624, 3.6600000858306885
4, -0.19518065452575684, -0.2150936871767044, 3.741000175476074
5, 0.28671929240226746, -0.7646142244338989, 3.7200002670288086
6, 0.3188949227333069, -0.4162757992744446, 3.1520001888275146
7, 0.3209631145000458, -0.25537028908729553, 3.3540000915527344
8, -0.03250861540436745, -0.1976723074913025, 3.438000202178955
9, -0.031553592532873154, 0.19969668984413147, 3.3370001316070557
10, -0.031714338809251785, 0.5722020268440247, 3.3540000915527344
11, 0.19798550009727478, -0.19473999738693237, 3.38700008392334
12, 0.18018819391727448, 0.226878359913826, 3.4730000495910645
13, 0.16803593933582306, 0.6415784358978271, 3.621000289916992
14, 0.03390999883413315, -1.0120704174041748, 3.700000286102295
15, 0.10008303821086884, -0.9852643013000488, 3.6020002365112305
16, 0.009860832244157791, -1.015221357345581, 3.8030002117156982
17, 0.18585582077503204, -1.0691457986831665, 4.005000114440918
0, 0.07522289454936981, -0.9699464440345764, 3.5460002422332764
1, 0.09852705150842667, -0.7055180668830872, 3.5460002422332764
2, -0.07829701900482178, -0.7244194746017456, 3.641000270843506
3, -0.15090937912464142, -0.4472115933895111, 3.761000156402588
4, -0.19095459580421448, -0.21043647825717926, 3.6600000858306885
5, 0.2733082175254822, -0.7288500070571899, 3.5460002422332764
6, 0.2895749509334564, -0.39963534474372864, 3.0260002613067627
7, 0.3132117688655853, -0.24920304119586945, 3.2730002403259277
8, -0.03250861540436745, -0.1976723074913025, 3.438000202178955
9, -0.05483052879571915, 0.20472352206707, 3.4210002422332764
10, -0.06653418391942978, 0.5278453230857849, 3.0940001010894775
11, 0.17484429478645325, -0.19376255571842194, 3.370000123977661
12, 0.17930619418621063, 0.2257678061723709, 3.4560000896453857
13, 0.14196833968162537, 0.631479024887085, 3.564000129699707
14, 0.05608602985739708, -0.9983203411102295, 3.564000129699707
15, 0.09902718663215637, -0.9983203411102295, 3.564000129699707
16, -0.0105544188991189, -1.001129150390625, 3.6600000858306885
17, 0.1903107911348343, -1.1217570304870605, 4.1010003089904785
0, 0.05550376698374748, -0.9647493362426758, 3.5270001888275146
1, 0.09649871289730072, -0.713845431804657, 3.4730000495910645
2, -0.07584553211927414, -0.7017378211021423, 3.5270001888275146
3, -0.146094411611557, -0.4568996727466583, 3.641000270843506
4, -0.18996331095695496, -0.2093440592288971, 3.641000270843506
5, 0.26768171787261963, -0.713845431804657, 3.4730000495910645
6, 0.2917017638683319, -0.4502022862434387, 3.2730002403259277
7, 0.29474249482154846, -0.234508216381073, 3.080000162124634
8, -0.03140230104327202, -0.19094523787498474, 3.321000099182129
9, -0.05297132208943367, 0.19778171181678772, 3.305000066757202
10, -0.06653418391942978, 0.507487416267395, 3.0940001010894775
11, 0.17147192358970642, -0.21177147328853607, 3.305000066757202
12, 0.17749030888080597, 0.22348140180110931, 3.4210002422332764
13, 0.141251340508461, 0.6282897591590881, 3.5460002422332764
14, 0.03232447803020477, -0.9879562258720398, 3.5270001888275146
15, 0.09852705150842667, -1.0127216577529907, 3.5460002422332764
16, -0.010441954247653484, -0.9904614090919495, 3.621000289916992
17, 0.1567467600107193, -1.0763505697250366, 3.93500018119812
0, 0.05465397611260414, -0.9918730854988098, 3.4730000495910645
1, 0.055220503360033035, -0.7443334460258484, 3.509000062942505
2, -0.11773694306612015, -0.7212449312210083, 3.509000062942505
3, -0.13867130875587463, -0.43368446826934814, 3.4560000896453857
4, -0.18119817972183228, -0.19968466460704803, 3.4730000495910645
5, 0.24612638354301453, -0.7596569657325745, 3.491000175476074
6, 0.30489206314086914, -0.49306920170783997, 3.4210002422332764
7, 0.30019715428352356, -0.23884813487529755, 3.13700008392334
8, -0.05401311814785004, -0.21593642234802246, 3.370000123977661
9, -0.06808248907327652, 0.2068231850862503, 3.1660001277923584
10, -0.04849961772561073, 0.5361547470092773, 3.0260002613067627
11, 0.17064180970191956, -0.21074627339839935, 3.2890002727508545
12, 0.17660829424858093, 0.22237083315849304, 3.4040000438690186
13, 0.14196833968162537, 0.6080286502838135, 3.564000129699707
14, 0.009051844477653503, -1.0199838876724243, 3.491000175476074
15, 0.07405615597963333, -1.0391255617141724, 3.491000175476074
16, -0.05803605914115906, -1.014286756515503, 3.621000289916992
17, 0.12865754961967468, -1.1046833992004395, 3.8680002689361572
0, 0.008826261386275291, -0.9721670150756836, 3.4040000438690186
1, 0.030885593965649605, -0.73332679271698, 3.370000123977661
2, -0.11535469442605972, -0.7292728424072266, 3.438000202178955
3, -0.18500684201717377, -0.46831029653549194, 3.5460002422332764
4, -0.17498955130577087, -0.19284261763095856, 3.3540000915527344
5, 0.22473153471946716, -0.7747805118560791, 3.4560000896453857
6, 0.2701917290687561, -0.47173792123794556, 3.2730002403259277
7, 0.3016325831413269, -0.2399902194738388, 3.1520001888275146
8, -0.06971681863069534, -0.20773468911647797, 3.242000102996826
9, -0.06653418391942978, 0.20211967825889587, 3.0940001010894775
10, -0.04849961772561073, 0.5162443518638611, 3.0260002613067627
11, 0.15188667178153992, -0.2276674062013626, 3.2730002403259277
12, 0.1740141659975052, 0.20071402192115784, 3.3540000915527344
13, 0.1671542227268219, 0.6145116090774536, 3.6020002365112305
14, -0.009865210391581059, -1.0182894468307495, 3.4210002422332764
15, 0.054386451840400696, -1.028707504272461, 3.4560000896453857
16, -0.07664118707180023, -1.017862319946289, 3.564000129699707
17, 0.104500912129879, -1.0988712310791016, 3.761000156402588
0, -0.009914233349263668, -1.0459710359573364, 3.438000202178955
1, 0.008611050434410572, -0.7445156574249268, 3.321000099182129
2, -0.13590270280838013, -0.7370260953903198, 3.38700008392334
3, -0.15895575284957886, -0.4906189441680908, 3.4040000438690186
4, -0.45699137449264526, -1.0099092721939087, 4.761000156402588
5, 0.19798550009727478, -0.7815975546836853, 3.38700008392334
6, 0.2704564332962036, -0.5480814576148987, 3.509000062942505
7, 0.28574711084365845, -0.2469983845949173, 2.9860000610351562
8, -0.06808248907327652, -0.2410561591386795, 3.1660001277923584
9, -0.08532362431287766, 0.1818634271621704, 3.0390000343322754
10, -0.04915674775838852, 0.523239016532898, 3.067000150680542
11, 0.14427609741687775, -0.23671624064445496, 3.1090002059936523
12, 0.1673731952905655, 0.17182770371437073, 3.2260000705718994
13, 0.16984575986862183, 0.6003245115280151, 3.6600000858306885
14, -0.05539149418473244, -1.0741870403289795, 3.4560000896453857
15, 0.008914420381188393, -1.0685923099517822, 3.438000202178955
16, -0.09902482479810715, -1.049841284751892, 3.5270001888275146
17, 0.07481984049081802, -1.0730482339859009, 3.5270001888275146
0, -0.032347869127988815, -1.0407989025115967, 3.4210002422332764
1, 0.00869661569595337, -0.7923728227615356, 3.3540000915527344
2, -0.15662091970443726, -0.7739823460578918, 3.3540000915527344
3, -0.1970318853855133, -0.5643306374549866, 3.3540000915527344
4, -0.4634224772453308, -0.9923540949821472, 4.828000068664551
5, 0.1757262945175171, -0.8224546909332275, 3.38700008392334
6, 0.2623635530471802, -0.5540787577629089, 3.4040000438690186
7, 0.2895749509334564, -0.3034016191959381, 3.0260002613067627
8, -0.08647475391626358, -0.234508216381073, 3.080000162124634
9, -0.08532362431287766, 0.1818634271621704, 3.0390000343322754
10, -0.04827522486448288, 0.5336741805076599, 3.01200008392334
11, 0.12495923042297363, -0.25948891043663025, 3.13700008392334
12, 0.15912386775016785, 0.12636180222034454, 3.067000150680542
13, 0.1404944807291031, 0.5591703653335571, 3.5270001888275146
14, -0.054558057337999344, -1.0766891241073608, 3.4040000438690186
15, 0.00869661569595337, -1.0608739852905273, 3.3540000915527344
16, -0.09801407903432846, -1.0620956420898438, 3.491000175476074
17, 0.05410319194197655, -1.0685923099517822, 3.438000202178955
0, -0.030797138810157776, -1.0301928520202637, 3.257000207901001
1, -0.009173116646707058, -0.7724323868751526, 3.181000232696533
2, -0.1950932890176773, -0.7663671374320984, 3.321000099182129
3, -0.23510663211345673, -0.49686571955680847, 3.321000099182129
4, -0.25082018971443176, -0.24684272706508636, 3.242000102996826
5, 0.17313216626644135, -0.8286106586456299, 3.3370001316070557
6, 0.2522667348384857, -0.550701916217804, 3.2730002403259277
7, 0.2796226143836975, -0.3122001886367798, 2.9220001697540283
8, -0.08647475391626358, -0.25477394461631775, 3.080000162124634
9, -0.10196710377931595, 0.16186745464801788, 3.0390000343322754
10, -0.06449127942323685, 0.5116380453109741, 2.999000072479248
11, 0.1210554912686348, -0.2680457532405853, 3.0390000343322754
12, 0.1562703251838684, 0.12409577518701553, 3.01200008392334
13, 0.12914179265499115, 0.45354676246643066, 3.242000102996826
14, -0.07003938406705856, -1.0730535984039307, 3.257000207901001
15, -0.00939227920025587, -1.0730535984039307, 3.257000207901001
16, -0.11307310312986374, -1.0659348964691162, 3.370000123977661
17, 0.05493724346160889, -1.1042072772979736, 3.491000175476074
0, -0.06778143346309662, -1.0384602546691895, 3.1520001888275146
1, -0.02912348508834839, -0.7647950053215027, 3.080000162124634
2, -0.2077743262052536, -0.7724323868751526, 3.181000232696533
3, -0.2764454782009125, -0.5431730151176453, 3.3370001316070557
4, -0.27511999011039734, -0.27470919489860535, 3.321000099182129
5, 0.14761732518672943, -0.8317348957061768, 3.181000232696533
6, 0.2571995258331299, -0.6053838133811951, 3.3370001316070557
7, 0.24660518765449524, -0.32901743054389954, 2.767000198364258
8, -0.10196710377931595, -0.2680457532405853, 3.0390000343322754
9, -0.10062499344348907, 0.14329293370246887, 2.999000072479248
10, -0.06449127942323685, 0.5116380453109741, 2.999000072479248
11, 0.12217085063457489, -0.2906956374645233, 3.067000150680542
12, 0.15030382573604584, 0.10029608756303787, 2.8970000743865967
13, 0.12324636429548264, 0.4701647162437439, 3.0940001010894775
14, -0.08931045234203339, -1.086386799812317, 3.181000232696533
15, -0.0298042930662632, -1.0764826536178589, 3.1520001888275146
16, -0.13457858562469482, -1.105011224746704, 3.3540000915527344
17, 0.029849965125322342, -1.0730535984039307, 3.257000207901001
0, -0.08849623799324036, -1.0384602546691895, 3.1520001888275146
1, -0.04982990771532059, -0.7924525141716003, 3.1090002059936523
2, -0.20398592948913574, -0.7754722833633423, 3.123000144958496
3, -0.2622794210910797, -0.5153388381004333, 3.1660001277923584
4, -0.2693164050579071, -0.26566430926322937, 3.01200008392334
5, 0.14692123234272003, -0.8278127908706665, 3.1660001277923584
6, 0.2285711020231247, -0.6059256792068481, 3.242000102996826
7, 0.25284382700920105, -0.37467461824417114, 2.8370001316070557
8, -0.10018880665302277, -0.2830183207988739, 2.9860000610351562
9, -0.10018880665302277, 0.14267179369926453, 2.9860000610351562
10, -0.06393216550350189, 0.5072023272514343, 2.9730000495910645
11, 0.09845561534166336, -0.29678410291671753, 2.9600000381469727
12, 0.15030382573604584, 0.10029608756303787, 2.8970000743865967
13, 0.11842644959688187, 0.4876406490802765, 2.9730000495910645
14, -0.10575858503580093, -1.0937654972076416, 3.1520001888275146
15, -0.04982990771532059, -1.0788441896438599, 3.1090002059936523
16, -0.1707635074853897, -1.0783250331878662, 3.2730002403259277
17, 0.008406209759414196, -1.0858880281448364, 3.242000102996826
0, -0.08728896081447601, -1.0617971420288086, 3.1090002059936523
1, -0.05098389834165573, -0.8491767644882202, 3.181000232696533
2, -0.21903641521930695, -0.7886291146278381, 3.0940001010894775
3, -0.28049319982528687, -0.5106184482574463, 3.13700008392334
4, -0.30164965987205505, -0.2459230273962021, 2.9730000495910645
5, 0.14358000457286835, -0.825951874256134, 3.0940001010894775
6, 0.2285711020231247, -0.6272573471069336, 3.242000102996826
7, 0.24660518765449524, -0.36542993783950806, 2.767000198364258
8, -0.09975261986255646, -0.28178614377975464, 2.9730000495910645
9, -0.09975261986255646, 0.14205065369606018, 2.9730000495910645
10, -0.047441788017749786, 0.5049844980239868, 2.9600000381469727
11, 0.115399070084095, -0.29046741127967834, 2.8970000743865967
12, 0.13109679520130157, 0.11639128625392914, 2.825000047683716
13, 0.11022065579891205, 0.47205817699432373, 2.767000198364258
14, -0.10334277898073196, -1.0890467166900635, 3.080000162124634
15, -0.04915674775838852, -1.084450125694275, 3.067000150680542
16, -0.1629374921321869, -1.0460296869277954, 3.123000144958496
17, 0.007986159063875675, -1.051892876625061, 3.080000162124634
0, -0.08728896081447601, -1.0788441896438599, 3.1090002059936523
1, -0.04893236234784126, -0.8150067925453186, 3.0530002117156982
2, -0.2210894376039505, -0.8165696263313293, 3.123000144958496
3, -0.28049319982528687, -0.5278190970420837, 3.13700008392334
4, -0.30768370628356934, -0.2511991858482361, 2.8480000495910645
5, 0.12384387850761414, -0.8504127264022827, 3.1090002059936523
6, 0.2191942036151886, -0.6015247106552124, 3.1090002059936523
7, 0.23796017467975616, -0.3526194095611572, 2.6700000762939453
8, -0.1172446757555008, -0.292974054813385, 2.9220001697540283
9, -0.09888024628162384, 0.1408083587884903, 2.947000026702881
10, -0.04683274030685425, 0.49850162863731384, 2.9220001697540283
11, 0.11392521113157272, -0.30557581782341003, 2.8600001335144043
12, 0.10591858625411987, 0.10955201834440231, 2.6590001583099365
13, 0.10428538173437119, 0.46386420726776123, 2.618000030517578
14, -0.12474801391363144, -1.1197572946548462, 3.1090002059936523
15, -0.0653514489531517, -1.094545602798462, 3.0390000343322754
16, -0.16518095135688782, -1.0812638998031616, 3.1660001277923584
17, 0.007916150614619255, -1.059411883354187, 3.0530002117156982
0, -0.08456556499004364, -1.0650027990341187, 3.01200008392334
1, -0.04785850644111633, -0.8167681694030762, 2.9860000610351562
2, -0.21613387763500214, -0.8150067925453186, 3.0530002117156982
3, -0.27056822180747986, -0.5091426968574524, 3.0260002613067627
4, -0.3002292811870575, -0.26339849829673767, 2.7790000438690186
5, 0.1210554912686348, -0.8512613773345947, 3.0390000343322754
6, 0.23638924956321716, -0.610215425491333, 3.067000150680542
7, 0.23519735038280487, -0.36299535632133484, 2.639000177383423
8, -0.09636378288269043, -0.28796082735061646, 2.872000217437744
9, -0.09760523587465286, 0.13899272680282593, 2.9090001583099365
10, 0.0800284594297409, 0.4553249180316925, 2.4060001373291016
11, 0.11300903558731079, -0.30311837792396545, 2.8370001316070557
12, 0.10468372702598572, 0.09098313003778458, 2.628000020980835
13, 0.10157667845487595, 0.40427687764167786, 2.5500001907348633
14, -0.1219392716884613, -1.1112089157104492, 3.0390000343322754
15, -0.06421172618865967, -1.091829538345337, 2.9860000610351562
16, -0.16069404780864716, -1.0687810182571411, 3.080000162124634
17, 0.007846142165362835, -1.0699530839920044, 3.0260002613067627
0, -0.08310560137033463, -1.082322597503662, 2.9600000381469727
1, -0.047441788017749786, -0.8291324973106384, 2.9600000381469727
2, -0.2113906741142273, -0.7971209287643433, 2.9860000610351562
3, -0.26699161529541016, -0.5220596790313721, 2.9860000610351562
4, -0.29655611515045166, -0.2752271592617035, 2.745000123977661
5, 0.13675832748413086, -0.8254910111427307, 2.947000026702881
6, 0.22421139478683472, -0.5787795186042786, 2.9090001583099365
7, 0.2272653430700302, -0.35075339674949646, 2.5500001907348633
8, -0.11475693434476852, -0.28675761818885803, 2.8600001335144043
9, -0.09760523587465286, 0.11985213309526443, 2.9090001583099365
10, 0.09651775658130646, 0.4133707880973816, 2.4230000972747803
11, 0.11300903558731079, -0.32178524136543274, 2.8370001316070557
12, 0.1027318686246872, 0.08928672224283218, 2.579000234603882
13, -0.046624381095170975, 0.515424370765686, 2.9090001583099365
14, -0.1208558976650238, -1.1211546659469604, 3.01200008392334
15, -0.047441788017749786, -1.1017987728118896, 2.9600000381469727
16, -0.15928536653518677, -1.0794999599456787, 3.0530002117156982
17, 0.0077761332504451275, -1.0965828895568848, 2.999000072479248
0, -0.0628354549407959, -1.1068801879882812, 2.9220001697540283
1, -0.027156703174114227, -0.82023024559021, 2.872000217437744
2, -0.207709401845932, -0.8218496441841125, 2.934000253677368
3, -0.24413688480854034, -0.550790548324585, 2.947000026702881
4, -0.2751677930355072, -0.2719184160232544, 2.7120001316070557
5, 0.14776158332824707, -0.8321151733398438, 2.8480000495910645
6, 0.22914418578147888, -0.6110747456550598, 2.9730000495910645
7, 0.22306649386882782, -0.32062986493110657, 2.3310000896453857
8, -0.11102533340454102, -0.2956392765045166, 2.767000198364258
9, -0.09361245483160019, 0.09659168124198914, 2.7900002002716064
10, 0.05195173993706703, 0.4634625017642975, 2.449000120162964
11, 0.08950813859701157, -0.30522528290748596, 2.69100022315979
12, 0.1027318686246872, 0.0751456692814827, 2.579000234603882
13, -0.04547039046883583, 0.502667248249054, 2.8370001316070557
14, -0.08167371898889542, -1.1179062128067017, 2.9090001583099365
15, -0.027629487216472626, -1.1229020357131958, 2.9220001697540283
16, -0.13882945477962494, -1.106637716293335, 2.9730000495910645
17, 0.02700885571539402, -1.0969598293304443, 2.947000026702881
0, -0.04527805745601654, -1.0515477657318115, 2.825000047683716
1, -0.008045582100749016, -0.8151690363883972, 2.7900002002716064
2, -0.20247064530849457, -0.8168030977249146, 2.8600001335144043
3, -0.24206584692001343, -0.5653442144393921, 2.9220001697540283
4, -0.2677609920501709, -0.28196313977241516, 2.639000177383423
5, 0.16174368560314178, -0.8418271541595459, 2.767000198364258
6, 0.24864573776721954, -0.6389091610908508, 3.01200008392334
7, 0.23917117714881897, -0.32516902685165405, 2.364000082015991
8, -0.10925982892513275, -0.3088548481464386, 2.7230000495910645
9, -0.07768689841032028, 0.0957954078912735, 2.767000198364258
10, 0.051569901406764984, 0.44406062364578247, 2.431000232696533
11, 0.08844374865293503, -0.3161754012107849, 2.6590001583099365
12, 0.09970447421073914, 0.072931207716465, 2.503000020980835
14, -0.060749538242816925, -1.0701357126235962, 2.825000047683716
15, 0.007265330292284489, -1.0614230632781982, 2.802000045776367
16, -0.08029798418283463, -1.0645759105682373, 2.8600001335144043
17, 0.044456519186496735, -1.0701357126235962, 2.825000047683716
0, -0.025851821526885033, -1.1196134090423584, 2.7340002059936523
1, -0.007788931019604206, -0.8217474222183228, 2.701000213623047
2, -0.18073296546936035, -0.8236209154129028, 2.767000198364258
3, -0.2567983865737915, -0.5714179277420044, 2.872000217437744
4, -0.2751677930355072, -0.3403218388557434, 2.7120001316070557
5, 0.1591716855764389, -0.8463574051856995, 2.7230000495910645
6, 0.24220672249794006, -0.638451337814331, 2.934000253677368
7, 0.27270057797431946, -0.3647933602333069, 2.5310001373291016
8, -0.10629060119390488, -0.3324161469936371, 2.6490001678466797
9, -0.09136440604925156, 0.09427209198474884, 2.7230000495910645
10, 0.05176081880927086, 0.43232569098472595, 2.440000057220459
11, 0.10348870605230331, -0.3431105613708496, 2.5980000495910645
12, 0.09791195392608643, 0.05544691160321236, 2.4580001831054688
13, -0.06255589425563812, 0.49628376960754395, 2.9090001583099365
14, -0.05926574394106865, -1.1286226511001587, 2.75600004196167
15, -0.007884093560278416, -1.1196134090423584, 2.7340002059936523
16, -0.09478679299354553, -1.156879186630249, 2.825000047683716
17, 0.05944008752703667, -1.1474603414535522, 2.802000045776367
0, -0.02564379572868347, -1.1106040477752686, 2.7120001316070557
1, 0.0069230664521455765, -0.844524085521698, 2.6700000762939453
2, 0.17427098751068115, -0.8653209209442139, 2.680000066757202
3, 0.2605791687965393, -0.6104534864425659, 2.7230000495910645
4, 0.26192617416381836, -0.37970536947250366, 2.431000232696533
5, -0.1785774976015091, -0.8497764468193054, 2.7340002059936523
6, -0.21322037279605865, -0.5846061110496521, 2.75600004196167
7, -0.2730370759963989, -0.35539284348487854, 2.69100022315979
8, 0.11921687424182892, -0.3392806053161621, 2.569000005722046
11, -0.08686833083629608, -0.34192198514938354, 2.5890002250671387
14, -0.05902919918298721, -1.1241180896759033, 2.745000123977661
15, 0.04267825931310654, -1.1106040477752686, 2.7120001316070557
16, 0.04267825931310654, -1.1106040477752686, 2.7120001316070557
17, -0.05902919918298721, -1.1241180896759033, 2.745000123977661
1, 0.006788235157728195, -0.8625281453132629, 2.618000030517578
2, 0.1874677985906601, -0.8760361075401306, 2.6590001583099365
3, 0.254454642534256, -0.6281810998916626, 2.6590001583099365
4, 0.28510451316833496, -0.4059555232524872, 2.494000196456909
5, -0.1580837368965149, -0.8688726425170898, 2.69100022315979
6, -0.2274027168750763, -0.5973240733146667, 2.745000123977661
7, -0.27192097902297974, -0.40096360445022583, 2.680000066757202
8, 0.11657173931598663, -0.34552645683288574, 2.51200008392334
9, 0.11202394962310791, 0.025334442034363747, 2.4140000343322754
10, 0.05120926722884178, 0.41183534264564514, 2.4140000343322754
11, -0.08619726449251175, -0.35336682200431824, 2.569000005722046
12, -0.10155587643384933, 0.07374706119298935, 2.5310001373291016
13, -0.07897840440273285, 0.44597285985946655, 2.813000202178955
16, 0.07565966248512268, -1.1151087284088135, 2.7230000495910645
17, -0.05831955745816231, -1.1106040477752686, 2.7120001316070557
1, 0.023810317739844322, -0.8872784376144409, 2.5980000495910645
2, -0.17642202973365784, -0.8898734450340271, 2.701000213623047
3, -0.22466890513896942, -0.5901431441307068, 2.7120001316070557
4, -0.27090635895729065, -0.39946746826171875, 2.6700000762939453
5, 0.19954738020896912, -0.8984006643295288, 2.5890002250671387
6, 0.26699355244636536, -0.6552902460098267, 2.639000177383423
7, 0.31733110547065735, -0.4631400406360626, 2.6490001678466797
8, -0.08368080854415894, -0.3594605624675751, 2.494000196456909
9, -0.12505961954593658, 0.03829915076494217, 2.3970000743865967
10, -0.09062624722719193, 0.39563441276550293, 2.701000213623047
11, 0.11364816129207611, -0.36640292406082153, 2.449000120162964
12, 0.11044615507125854, 0.02497761882841587, 2.380000114440918
13, 0.06732404232025146, 0.3681994676589966, 2.4230000972747803
1, 0.02337040565907955, -0.8848674297332764, 2.5500001907348633
8, -0.08156698197126389, -0.3637098968029022, 2.431000232696533
9, -0.12292051315307617, 0.024725744500756264, 2.3560001850128174
10, -0.12918131053447723, 0.34638550877571106, 2.4760000705718994
11, 0.11281286180019379, -0.37970536947250366, 2.431000232696533
12, 0.10933241248130798, 0.009223771281540394, 2.3560001850128174
13, 0.05120926722884178, 0.4568388760089874, 2.4140000343322754
1, 0.02293965592980385, -0.901496410369873, 2.503000020980835
2, 0.2043980211019516, -0.9053482413291931, 2.4760000705718994
3, 0.2778722941875458, -0.7054404616355896, 2.579000234603882
4, 0.3185655176639557, -0.5015823841094971, 2.5210001468658447
5, -0.151504248380661, -0.8949306011199951, 2.579000234603882
6, -0.21771012246608734, -0.6208574175834656, 2.628000020980835
7, -0.2568030059337616, -0.3953246772289276, 2.5310001373291016
8, 0.14064159989356995, -0.39163148403167725, 2.4060001373291016
9, 0.1085435152053833, 0.03737242892384529, 2.3390002250671387
10, 0.06590698659420013, 0.4046700596809387, 2.372000217437744
11, 0.11123505234718323, -0.3901665210723877, 2.3970000743865967
12, 0.1085435152053833, -0.0036678805481642485, 2.3390002250671387
13, 0.050848640501499176, 0.4378499686717987, 2.3970000743865967
1, 0.022362269461154938, -0.9082395434379578, 2.440000057220459
2, 0.20068320631980896, -0.9208850264549255, 2.431000232696533
3, 0.2600944936275482, -0.6894274950027466, 2.4140000343322754
4, 0.2647562325000763, -0.46079525351524353, 2.31600022315979
5, -0.1665591150522232, -0.901645839214325, 2.5500001907348633
6, -0.21771012246608734, -0.6208574175834656, 2.628000020980835
7, -0.26749467849731445, -0.4030255973339081, 2.4760000705718994
8, 0.12093828618526459, -0.40754222869873047, 2.3310000896453857
9, 0.1085435152053833, 0.024547332897782326, 2.3390002250671387
11, -0.07905051857233047, -0.3964111804962158, 2.3560001850128174
12, -0.11572058498859406, 0.03543909639120102, 2.2180001735687256
1, 0.006171123124659061, -0.901565670967102, 2.380000114440918
2, 0.19721603393554688, -0.9180742502212524, 2.389000177383423
3, 0.25384533405303955, -0.6599447131156921, 2.3560001850128174
4, 0.2389766424894333, -0.4412969946861267, 2.2180001735687256
5, -0.16172562539577484, -0.9053482413291931, 2.4760000705718994
6, -0.2136508673429489, -0.6262506246566772, 2.579000234603882
7, -0.2645777463912964, -0.3986307382583618, 2.449000120162964
8, 0.11891486495733261, -0.38564276695251465, 2.2920000553131104
9, 0.10710492730140686, 0.009035849943757057, 2.308000087738037
11, -0.0787820890545845, -0.38219064474105835, 2.3480000495910645
12, -0.1438940018415451, 0.023120040073990822, 2.203000068664551
13, -0.18061722815036774, 0.3579089641571045, 2.0199999809265137
1, -0.006770976819097996, -0.8894437551498413, 2.3480000495910645
2, -0.18807648122310638, -0.9048895239830017, 2.431000232696533
3, -0.222999706864357, -0.6192852854728699, 2.494000196456909
4, -0.25712332129478455, -0.40044930577278137, 2.380000114440918
5, 0.17329667508602142, -1.0065873861312866, 2.4580001831054688
6, 0.22383207082748413, -0.6833980083465576, 2.3390002250671387
7, 0.21256287395954132, -0.40649837255477905, 2.1010000705718994
8, -0.10632852464914322, -0.38311895728111267, 2.2770001888275146
9, -0.15107424557209015, 0.008354637771844864, 2.134000062942505
10, -0.18410196900367737, 0.3145962953567505, 1.9180001020431519
11, 0.1052950918674469, -0.3967024087905884, 2.2690000534057617
12, 0.09161818027496338, 0.024138037115335464, 2.3000001907348633
13, 0.051569901406764984, 0.4307310879230499, 2.431000232696533
1, -0.02182370238006115, -0.8869465589523315, 2.308000087738037
2, -0.19716519117355347, -0.8859058022499084, 2.380000114440918
3, -0.24848301708698273, -0.6242251992225647, 2.449000120162964
4, -0.2789542078971863, -0.3908587098121643, 2.323000192642212
5, 0.15268218517303467, -0.9615406394004822, 2.3480000495910645
6, 0.20926235616207123, -0.6989019513130188, 2.3480000495910645
7, 0.18840742111206055, -0.42060497403144836, 2.114000082015991
8, -0.11645100265741348, -0.39023348689079285, 2.2320001125335693
9, -0.1640930473804474, -0.003326025791466236, 2.121000051498413
10, -0.1805504709482193, 0.3085274398326874, 1.88100004196167
1, -0.03660711273550987, -0.9353317618370056, 2.2840001583099365
2, -0.20565329492092133, -0.8838722109794617, 2.3000001907348633
3, -0.25712332129478455, -0.6222977042198181, 2.380000114440918
4, -0.2883947193622589, -0.38311895728111267, 2.2770001888275146
5, 0.14852049946784973, -0.9353317618370056, 2.2840001583099365
6, 0.20026087760925293, -0.6688385009765625, 2.247000217437744
7, 0.18002979457378387, -0.40190255641937256, 2.0199999809265137
8, -0.1253625601530075, -0.38714084029197693, 2.134000062942505
9, -0.15403547883033752, -0.0031221674289554358, 1.9910000562667847
10, -0.18131446838378906, 0.33818188309669495, 1.787000060081482
11, 0.08420905470848083, -0.3835125267505646, 2.114000082015991
12, 0.08918830752372742, -0.0035110663156956434, 2.239000082015991
13, 0.050678934901952744, 0.42328941822052, 2.389000177383423
1, -0.045890092849731445, -0.8739045262336731, 2.134000062942505
2, -0.22798749804496765, -0.9201797246932983, 2.247000217437744
3, -0.2868797183036804, -0.6534692645072937, 2.389000177383423
4, -0.3076457977294922, -0.37319183349609375, 2.2180001735687256
5, 0.14279817044734955, -0.8992944359779358, 2.196000099182129
6, 0.1836775541305542, -0.6769300103187561, 2.2250001430511475
7, 0.18332737684249878, -0.43633341789245605, 2.057000160217285
8, -0.13723164796829224, -0.3811541199684143, 2.1010000705718994
9, -0.15980322659015656, 0.0075520602986216545, 1.9290001392364502
10, -0.18222765624523163, 0.35170242190361023, 1.7960001230239868
11, 0.07144684344530106, -0.4014584720134735, 2.1480000019073486
12, 0.08636009693145752, -0.003399728564545512, 2.1680002212524414
13, 0.050848640501499176, 0.4247068464756012, 2.3970000743865967
1, -0.07072940468788147, -0.863257110118866, 2.1080000400543213
2, -0.24686339497566223, -0.8820948004722595, 2.1540000438690186
3, -0.30178990960121155, -0.6523001194000244, 2.2840001583099365
4, -0.3247213661670685, -0.3907691538333893, 2.1540000438690186
5, 0.12556032836437225, -0.8796377182006836, 2.1480000019073486
6, 0.16655923426151276, -0.7238137125968933, 2.1610000133514404
7, 0.18279263377189636, -0.4845428466796875, 2.0510001182556152
8, -0.15720747411251068, -0.404290109872818, 2.0320000648498535
9, -0.17006632685661316, -0.0029826031532138586, 1.902000069618225
10, -0.18131446838378906, 0.37149643898010254, 1.787000060081482
11, 0.05768250674009323, -0.41304445266723633, 2.076000213623047
12, 0.07031594216823578, -0.017224712297320366, 2.114000082015991
13, 0.05048801377415657, 0.39037495851516724, 2.380000114440918
1, 1.8896898031234741, -0.12755025923252106, 4.761000156402588
2, 1.8133764266967773, -0.08820021152496338, 4.36400032043457
5, 1.8129901885986328, -0.09828542917966843, 4.863000392913818
16, 2.0679030418395996, -0.2567720115184784, 5.043000221252441
1, 1.8634936809539795, -0.09488999843597412, 4.695000171661377
2, 1.8250112533569336, -0.06468410044908524, 4.392000198364258
5, 1.839086890220642, -0.07265178859233856, 4.933000087738037
16, 2.1310513019561768, -0.26461315155029297, 5.197000026702881
1, 1.8506981134414673, -0.09555695950984955, 4.728000164031982
2, 1.8133764266967773, -0.08820021152496338, 4.36400032043457
16, 2.0830752849578857, -0.25865593552589417, 5.080000400543213
1, 1.8634936809539795, -0.09488999843597412, 4.695000171661377
2, 1.8250112533569336, -0.08876611292362213, 4.392000198364258
5, 1.7999415397644043, -0.09757804125547409, 4.828000068664551
16, 2.0679030418395996, -0.2567720115184784, 5.043000221252441
2, -0.6403734683990479, -0.23034094274044037, 0.9750000238418579
1, 1.8634936809539795, -0.09488999843597412, 4.695000171661377
2, 1.8250112533569336, -0.08876611292362213, 4.392000198364258
5, 1.7872658967971802, -0.0968908742070198, 4.794000148773193
16, 2.0830752849578857, -0.25865593552589417, 5.080000400543213
1, 1.9162827730178833, -0.12934523820877075, 4.828000068664551
2, 1.8366326093673706, -0.09052444994449615, 4.479000091552734
5, 1.7872658967971802, -0.0968908742070198, 4.794000148773193
16, 2.1146492958068848, -0.26257649064064026, 5.1570000648498535
1, -0.07782630622386932, -0.12652045488357544, 0.4000000059604645
2, -0.061054859310388565, -0.10811587423086166, 0.4050000309944153
6, -0.1277281790971756, -0.09957338124513626, 0.37300002574920654
7, -0.14974480867385864, -0.07046081870794296, 0.37700000405311584
8, -0.09833860397338867, -0.03679721802473068, 0.367000013589859
9, -0.5983647108078003, 0.11121396720409393, 2.0880000591278076
10, -0.6065171957015991, 0.416507363319397, 2.069000005722046
11, -0.11755198240280151, -0.04161766916513443, 0.3500000238418579
12, -0.6783908009529114, 0.1115868091583252, 2.0950000286102295
13, -0.6624018549919128, 0.36995741724967957, 2.0880000591278076
1, 1.9440665245056152, -0.13122057914733887, 4.898000240325928
2, 1.8133764266967773, -0.08820021152496338, 4.36400032043457
5, 1.8066673278808594, -0.09970018267631531, 4.933000087738037
16, 2.099067449569702, -0.2606416940689087, 5.119000434875488
1, 1.9172418117523193, -0.09899280965328217, 4.898000240325928
2, 1.8250112533569336, -0.08876611292362213, 4.392000198364258
5, 1.8334029912948608, -0.10117557644844055, 5.00600004196167
16, 2.0679030418395996, -0.2567720115184784, 5.043000221252441
1, 1.9739997386932373, -0.1019233837723732, 5.043000221252441
2, 1.8943489789962769, -0.06914659589529037, 4.695000171661377
5, 1.8747882843017578, -0.10345941036939621, 5.119000434875488
16, 2.1146492958068848, -0.26257649064064026, 5.1570000648498535
