8, [-1.6976388692855835, -0.24922578036785126, 4.7522501945495605]
9, [-1.8656036853790283, 0.1397170126438141, 4.796500205993652]
10, [-1.85397469997406, 0.5495024919509888, 5.286500453948975]
11, [-1.7718626260757446, -0.24765311181545258, 4.720750331878662]
12, [-1.8799490928649902, 0.1654527634382248, 4.764000415802002]
17, [-1.9088332653045654, -0.9672257900238037, 4.7542500495910645]
1, [-1.7960913181304932, -0.7686988711357117, 4.616250038146973]
5, [-1.8220841884613037, -0.7687433362007141, 4.616250038146973]
6, [-1.9431626796722412, -0.5299528241157532, 4.559500217437744]
8, [-1.7468898296356201, -0.22148531675338745, 4.725500106811523]
9, [-1.8619086742401123, 0.13944028317928314, 4.7870001792907715]
11, [-1.808664083480835, -0.2218851000070572, 4.733250141143799]
12, [-1.894944429397583, 0.1667724847793579, 4.802000045776367]
17, [-1.9061232805252075, -0.9658526182174683, 4.747500419616699]
8, [-1.8334910869598389, -0.22102142870426178, 4.714500427246094]
9, [-1.8898143768310547, 0.16632099449634552, 4.789000034332275]
11, [-1.765556812286377, -0.22049546241760254, 4.703999996185303]
12, [-1.8898143768310547, 0.16632099449634552, 4.789000034332275]
2, [-1.811013102531433, -0.815193235874176, 4.73675012588501]
5, [-1.8358407020568848, -0.8005412817001343, 4.651000022888184]
8, [-1.7764414548873901, -0.2218548208475113, 4.7330002784729]
9, [-1.8644840717315674, 0.16642892360687256, 4.7935004234313965]
10, [-1.862329125404358, 0.5667832493782043, 4.87000036239624]
11, [-1.8018815517425537, -0.22105303406715393, 4.715500354766846]
12, [-1.8992468118667603, 0.19944147765636444, 4.812750339508057]
1, [-1.7989122867584229, -0.7699061632156372, 4.623500347137451]
8, [-1.801117181777954, -0.22095926105976105, 4.713500022888184]
9, [-1.894648551940918, 0.16674645245075226, 4.801250457763672]
11, [-1.801117181777954, -0.22095926105976105, 4.713500022888184]
12, [-1.899937391281128, 0.1995140016078949, 4.814500331878662]
17, [-1.9069262742996216, -0.9662594795227051, 4.749500274658203]
1, [-1.8060129880905151, -0.7729451656341553, 4.641750335693359]
2, [-1.8324857950210571, -0.7990783452987671, 4.642500400543213]
5, [-1.8060129880905151, -0.7729451656341553, 4.641750335693359]
8, [-1.8467137813568115, -0.22261539101600647, 4.748500347137451]
9, [-1.8850401639938354, 0.19794961810112, 4.776750087738037]
11, [-1.8053206205368042, -0.22147491574287415, 4.7245001792907715]
12, [-1.8850401639938354, 0.19794961810112, 4.776750087738037]
1, [-1.8292876482009888, -0.7717825174331665, 4.634500026702881]
5, [-1.8292876482009888, -0.7717825174331665, 4.634500026702881]
8, [-1.8375744819641113, -0.22151368856430054, 4.725000381469727]
9, [-1.9209941625595093, 0.16626451909542084, 4.785750389099121]
11, [-1.8375744819641113, -0.22151368856430054, 4.725000381469727]
12, [-1.8966816663742065, 0.19917210936546326, 4.806250095367432]
17, [-1.8735345602035522, -0.965520977973938, 4.746000289916992]
1, [-1.8292876482009888, -0.7717825174331665, 4.634500026702881]
5, [-1.8064992427825928, -0.7731533050537109, 4.64300012588501]
6, [-1.8903765678405762, -0.7301525473594666, 4.568000316619873]
8, [-1.8430191278457642, -0.22217001020908356, 4.73900032043457]
9, [-1.8997400999069214, 0.19949327409267426, 4.814000129699707]
11, [-1.8430191278457642, -0.22217001020908356, 4.73900032043457]
12, [-1.8997400999069214, 0.19949327409267426, 4.814000129699707]
13, [-1.8926464319229126, 0.6313840746879578, 4.862500190734863]
1, [-1.8264235258102417, -0.708506166934967, 4.627500057220459]
2, [-1.78402841091156, -0.7456837892532349, 4.666500091552734]
5, [-1.8335793018341064, -0.7424380779266357, 4.645500183105469]
8, [-1.8201277256011963, -0.22329145669937134, 4.763250350952148]
9, [-1.8979040384292603, 0.16703297197818756, 4.809500217437744]
11, [-1.8554641008377075, -0.22367021441459656, 4.771000385284424]
12, [-1.8897757530212402, 0.19844691455364227, 4.788750171661377]
1, [-1.8379682302474976, -0.7129846215248108, 4.656750202178955]
5, [-1.7883293628692627, -0.7474815249443054, 4.677750110626221]
6, [-1.8169643878936768, -0.46198520064353943, 4.7542500495910645]
8, [-1.916486382484436, -0.19185589253902435, 4.775250434875488]
10, [-1.8670135736465454, 0.5682089328765869, 4.8822503089904785]
11, [-1.8460332155227661, -0.22253334522247314, 4.746750354766846]
12, [-1.8773819208145142, 0.199957937002182, 4.826500415802002]
1, [-1.8489760160446167, -0.6910727620124817, 4.684750080108643]
5, [-1.817334532737732, -0.7464672923088074, 4.671000003814697]
8, [-1.8613948822021484, -0.22438514232635498, 4.786250114440918]
9, [-1.8844807147979736, 0.20071402192115784, 4.84475040435791]
10, [-1.8632851839065552, 0.567074179649353, 4.872500419616699]
11, [-1.8613948822021484, -0.22438514232635498, 4.786250114440918]
12, [-1.905758261680603, 0.20012524724006653, 4.829250335693359]
1, [-1.8449738025665283, -0.7157022356987, 4.674499988555908]
5, [-1.8228789567947388, -0.7487446665763855, 4.685250282287598]
6, [-1.88043212890625, -0.43119704723358154, 4.765500068664551]
8, [-1.8863799571990967, -0.22414933145046234, 4.781000137329102]
9, [-1.8863282203674316, 0.2009108066558838, 4.8495001792907715]
10, [-1.839921474456787, 0.5699470043182373, 4.898250102996826]
11, [-1.859061360359192, -0.22410385310649872, 4.780250072479248]
12, [-1.8863282203674316, 0.2009108066558838, 4.8495001792907715]
1, [-1.8494141101837158, -0.7174246907234192, 4.6857500076293945]
2, [-1.8068013191223145, -0.7235128879547119, 4.726250171661377]
5, [-1.8796744346618652, -0.7169358730316162, 4.682250022888184]
6, [-1.9698522090911865, -0.3722867965698242, 4.7607502937316895]
8, [-1.81275475025177, -0.22638987004756927, 4.829750061035156]
9, [-1.862041711807251, 0.1691025048494339, 4.872250080108643]
10, [-1.8339115381240845, 0.5680853128433228, 4.8822503089904785]
11, [-1.898504376411438, -0.1933181881904602, 4.811750411987305]
12, [-1.9201620817184448, 0.20163780450820923, 4.865750312805176]
1, [-1.829201340675354, -0.7513415813446045, 4.701500415802002]
2, [-1.8030482530593872, -0.7536336779594421, 4.716250419616699]
5, [-1.9319120645523071, -0.7247058749198914, 4.732750415802002]
6, [-1.9815587997436523, -0.40662992000579834, 4.789000034332275]
8, [-1.8187601566314697, -0.22713987529277802, 4.845750331878662]
9, [-1.8399391174316406, 0.17005512118339539, 4.901500225067139]
10, [-1.835413932800293, 0.568550705909729, 4.886250019073486]
11, [-1.895742416381836, -0.19303695857524872, 4.804750442504883]
1, [-1.8490233421325684, -0.7801090478897095, 4.684500217437744]
5, [-1.8060810565948486, -0.7865772843360901, 4.724000453948975]
6, [-1.8744157552719116, -0.4952681064605713, 4.819000244140625]
8, [-1.8449654579162598, -0.22633852064609528, 4.828250408172607]
9, [-1.8687297105789185, 0.16970987617969513, 4.889750003814697]
11, [-1.8787012100219727, -0.22647137939929962, 4.830750465393066]
12, [-1.9568778276443481, 0.2020837515592575, 4.875]
1, [-1.8594322204589844, -0.7529062032699585, 4.711000442504883]
2, [-1.9898802042007446, -0.7363285422325134, 4.808500289916992]
8, [-1.8268297910690308, -0.22814767062664032, 4.867250442504883]
10, [-1.8106659650802612, 0.5693445205688477, 4.894000053405762]
11, [-1.9001895189285278, -0.22579026222229004, 4.816000461578369]
0, [-1.9247188568115234, -0.8935569524765015, 4.516250133514404]
1, [-1.8510955572128296, -0.7809833288192749, 4.6897501945495605]
6, [-1.8982605934143066, -0.8628432154655457, 4.650000095367432]
8, [-1.8943545818328857, -0.22835832834243774, 4.871000289916992]
9, [-1.8731248378753662, 0.17010901868343353, 4.90125036239624]
10, [-1.8153831958770752, 0.570827841758728, 4.906750202178955]
11, [-1.8943545818328857, -0.22835832834243774, 4.871000289916992]
5, [-1.8687999248504639, -0.8149135708808899, 4.734500408172607]
8, [-1.8348054885864258, -0.22914372384548187, 4.888500213623047]
11, [-1.8913404941558838, -0.22799500823020935, 4.863250255584717]
1, [-1.9100841283798218, -0.7285345792770386, 4.758000373840332]
5, [-1.8650091886520386, -0.786853551864624, 4.725000381469727]
8, [-1.8129689693450928, -0.22986337542533875, 4.904250144958496]
9, [-1.9360555410385132, 0.1816207766532898, 5.236500263214111]
11, [-1.9211010932922363, -0.22827507555484772, 4.869000434875488]
12, [-1.9794615507125854, 0.168534517288208, 4.8495001792907715]
2, [-1.8252217769622803, -0.7629017233848572, 4.774250030517578]
5, [-1.8857784271240234, -0.7822770476341248, 4.6972503662109375]
8, [-1.8177047967910767, -0.2579253613948822, 4.9170002937316895]
9, [-1.9236152172088623, 0.15138661861419678, 5.203000068664551]
11, [-1.9185364246368408, -0.22797033190727234, 4.862500190734863]
1, [-1.8925626277923584, -0.753471851348877, 4.714250087738037]
2, [-1.829522728919983, -0.764699399471283, 4.7855000495910645]
5, [-1.8826987743377686, -0.8072109222412109, 4.689500331878662]
8, [-1.7896703481674194, -0.2586679458618164, 4.931750297546387]
9, [-1.9357234239578247, 0.15233951807022095, 5.235750198364258]
10, [-1.974646806716919, 0.6019604206085205, 5.437250137329102]
11, [-1.9204106330871582, -0.2281930297613144, 4.867250442504883]
12, [-2.0070528984069824, 0.16859646141529083, 4.850000381469727]
1, [-1.906111717224121, -0.7588660717010498, 4.748000144958496]
2, [-1.8162081241607666, -0.7727324962615967, 4.836250305175781]
8, [-1.808924913406372, -0.2566795349121094, 4.893250465393066]
9, [-1.93332040309906, 0.15215040743350983, 5.229250431060791]
11, [-1.9338256120681763, -0.22978706657886505, 4.90125036239624]
1, [-1.9170515537261963, -0.7632214426994324, 4.775250434875488]
2, [-1.8399406671524048, -0.7690538763999939, 4.812750339508057]
5, [-1.895846962928772, -0.8128482103347778, 4.722250461578369]
8, [-1.785134196281433, -0.2580122947692871, 4.919250011444092]
9, [-1.9239851236343384, 0.15141573548316956, 5.204000473022461]
11, [-1.9188323020935059, -0.22800549864768982, 4.863250255584717]
5, [-1.8708208799362183, -0.8475810885429382, 4.739500045776367]
6, [-1.9869531393051147, -0.9337599873542786, 4.590000152587891]
8, [-1.8238043785095215, -0.25879088044166565, 4.933500289916992]
9, [-1.9328581094741821, 0.15211403369903564, 5.228000164031982]
10, [-1.97800612449646, 0.6029844880104065, 5.446500301361084]
11, [-1.921890139579773, -0.2283688336610794, 4.871000289916992]
2, [-1.817322015762329, -0.8056492805480957, 4.839000225067139]
5, [-1.8945420980453491, -0.812288761138916, 4.719000339508057]
8, [-1.8172425031661987, -0.2578597664833069, 4.915750026702881]
9, [-1.9396977424621582, 0.1526522934436798, 5.246500015258789]
11, [-1.9183392524719238, -0.22794689238071442, 4.862000465393066]
2, [-1.8397616147994995, -0.8155971169471741, 4.898750305175781]
6, [-1.989333987236023, -0.9348788261413574, 4.5954999923706055]
7, [-2.0124354362487793, -1.0501705408096313, 4.454500198364258]
8, [-1.8194606304168701, -0.25817450881004333, 4.921750068664551]
9, [-1.935168743133545, 0.15229587256908417, 5.234250068664551]
11, [-1.9243561029434204, -0.22866185009479523, 4.8772501945495605]
12, [-2.002293825149536, 0.1681966930627823, 4.838500022888184]
1, [-1.9142411947250366, -0.7621026039123535, 4.768249988555908]
2, [-1.826629400253296, -0.7771664261817932, 4.86400032043457]
8, [-1.8189761638641357, -0.23062501847743988, 4.9205002784729]
9, [-1.9322657585144043, 0.18126526474952698, 5.226250171661377]
10, [-1.9891735315322876, 0.6063888072967529, 5.477250099182129]
11, [-1.9541118144989014, -0.1956224888563156, 4.869000434875488]
0, [-1.9579625129699707, -0.9808096885681152, 4.523250102996826]
1, [-1.8974207639694214, -0.7871066331863403, 4.726250171661377]
2, [-1.8105618953704834, -0.8026524186134338, 4.821000099182129]
8, [-1.8124366998672485, -0.25717785954475403, 4.902750015258789]
9, [-1.9411392211914062, 0.1820976734161377, 5.250250339508057]
11, [-1.95602285861969, -0.22850704193115234, 4.87375020980835]
12, [-2.024441719055176, 0.16737021505832672, 4.8132500648498535]
8, [-1.8107508420944214, -0.22958216071128845, 4.898250102996826]
9, [-1.9610399007797241, 0.15205661952495575, 5.224250316619873]
10, [-1.9682005643844604, 0.5999953150749207, 5.419500350952148]
11, [-1.9471886157989502, -0.19492943584918976, 4.851750373840332]
8, [-1.836025357246399, -0.22929607331752777, 4.891750335693359]
9, [-1.9616570472717285, 0.18130481243133545, 5.22575044631958]
11, [-1.9452869892120361, -0.22725285589694977, 4.8470001220703125]
8, [-1.8088101148605347, -0.22933608293533325, 4.89300012588501]
9, [-1.9529693126678467, 0.15143084526062012, 5.202750205993652]
10, [-1.9477722644805908, 0.5937678217887878, 5.363250255584717]
11, [-1.9440830945968628, -0.22711221873760223, 4.844000339508057]
1, [-1.948679804801941, -0.7630179524421692, 4.773750305175781]
8, [-1.835274577140808, -0.22920231521129608, 4.889750003814697]
9, [-1.9613754749298096, 0.181278795003891, 5.225000381469727]
11, [-1.9788501262664795, -0.1948099136352539, 4.848750114440918]
0, [-1.976810097694397, -0.9449279308319092, 4.497000217437744]
1, [-1.926432490348816, -0.7543069124221802, 4.719250202178955]
2, [-1.8299970626831055, -0.8112683296203613, 4.872750282287598]
8, [-1.8262667655944824, -0.22807735204696655, 4.865750312805176]
9, [-1.9647538661956787, 0.18159103393554688, 5.234000205993652]
10, [-1.9595751762390137, 0.5973659157752991, 5.395750045776367]
11, [-1.9782381057739258, -0.194749653339386, 4.847250461578369]
2, [-1.844528317451477, -0.770971417427063, 4.8247504234313965]
5, [-1.9164477586746216, -0.7283695936203003, 4.556750297546387]
8, [-1.8321781158447266, -0.22881561517715454, 4.881500244140625]
9, [-1.9643784761428833, 0.1815563440322876, 5.2330002784729]
11, [-1.9660965204238892, -0.1935543715953827, 4.817500114440918]
13, [-1.9160281419754028, 0.5975649356842041, 4.8525004386901855]
5, [-1.8771138191223145, -0.8361760377883911, 4.675500392913818]
8, [-1.8274866342544556, -0.22822970151901245, 4.869000434875488]
9, [-1.9469231367111206, 0.1799430549144745, 5.186500072479248]
11, [-1.980688214302063, -0.22755149006843567, 4.853250026702881]
12, [-2.0229170322418213, 0.1995309442281723, 4.809500217437744]
0, [-1.9519097805023193, -0.9628059267997742, 4.440500259399414]
2, [-1.8381003141403198, -0.8005221486091614, 4.807750225067139]
8, [-1.828894019126892, -0.22840546071529388, 4.872750282287598]
9, [-1.9564955234527588, 0.1808277666568756, 5.212000370025635]
11, [-1.9730361700057983, -0.22667238116264343, 4.834500312805176]
12, [-2.0274384021759033, 0.19997692108154297, 4.820250034332275]
5, [-1.8930364847183228, -0.8116432428359985, 4.715250015258789]
8, [-1.8328349590301514, -0.22889764606952667, 4.8832502365112305]
9, [-1.9606245756149292, 0.18120940029621124, 5.2230000495910645]
11, [-1.9670164585113525, -0.22598080337047577, 4.8197503089904785]
12, [-2.03069806098938, 0.2002984583377838, 4.828000068664551]
13, [-1.9148342609405518, 0.5646339654922485, 4.84975004196167]
0, [-1.945828914642334, -0.9144338369369507, 4.49500036239624]
2, [-1.8495700359344482, -0.8055173754692078, 4.837750434875488]
8, [-1.8308645486831665, -0.22865155339241028, 4.878000259399414]
9, [-1.9985730648040771, 0.18150168657302856, 5.2295002937316895]
11, [-1.9777294397354126, -0.2272115796804428, 4.8460001945495605]
5, [-1.9086248874664307, -0.804832398891449, 4.675500392913818]
8, [-1.8315212726593018, -0.2287335842847824, 4.8797502517700195]
9, [-1.9911205768585205, 0.180824875831604, 5.210000038146973]
11, [-1.976505160331726, -0.22707092761993408, 4.843000411987305]
2, [-1.8486380577087402, -0.7726892232894897, 4.835500240325928]
8, [-1.8303014039993286, -0.2285812348127365, 4.876500129699707]
9, [-1.9960888624191284, 0.1812760829925537, 5.2230000495910645]
11, [-1.971199631690979, -0.22646139562129974, 4.830000400543213]
8, [-1.8334918022155762, -0.2289796769618988, 4.885000228881836]
11, [-1.9768110513687134, -0.22710606455802917, 4.84375]
5, [-1.886010766029358, -0.8086309432983398, 4.697750091552734]
8, [-1.8389341831207275, -0.22965934872627258, 4.899500370025635]
9, [-2.0013437271118164, 0.18175330758094788, 5.23675012588501]
10, [-1.9758270978927612, 0.6023202538490295, 5.440500259399414]
11, [-1.9716076850891113, -0.22650828957557678, 4.831000328063965]
2, [-1.8387693166732788, -0.8008135557174683, 4.809500217437744]
8, [-1.8380895853042603, -0.22955387830734253, 4.897250175476074]
9, [-1.989687442779541, 0.18069472908973694, 5.206250190734863]
10, [-1.9613910913467407, 0.5979194641113281, 5.400750160217285]
11, [-1.9696691036224365, -0.22628556191921234, 4.826250076293945]
12, [-2.052279233932495, 0.1997928023338318, 4.8147501945495605]
13, [-1.9199765920639038, 0.5987963676452637, 4.862500190734863]
2, [-1.9990789890289307, -0.7278862595558167, 4.7532501220703125]
8, [-1.8337733745574951, -0.2290148288011551, 4.8857502937316895]
9, [-2.004305601119995, 0.18202228844165802, 5.244500160217285]
11, [-1.9726279973983765, -0.2266255021095276, 4.833500385284424]
12, [-2.0471138954162598, 0.1670462191104889, 4.802750110626221]
13, [-1.9178049564361572, 0.5981190800666809, 4.857000350952148]
0, [-1.901198387145996, -0.9229177236557007, 4.392000198364258]
1, [-1.92275869846344, -0.7528684139251709, 4.710250377655029]
2, [-1.8334413766860962, -0.7663373351097107, 4.795750141143799]
8, [-1.8377143144607544, -0.22950699925422668, 4.896250247955322]
9, [-1.9899741411209106, 0.1807207614183426, 5.207000255584717]
11, [-1.9811984300613403, -0.22761011123657227, 4.8545002937316895]
12, [-2.047966480255127, 0.16711579263210297, 4.804750442504883]
1, [-1.9454847574234009, -0.7297973036766052, 4.766000270843506]
2, [-2.018413782119751, -0.7080950140953064, 4.79925012588501]
8, [-1.8378080129623413, -0.22951871156692505, 4.896500110626221]
9, [-1.995419979095459, 0.1812153458595276, 5.221250057220459]
11, [-1.978137493133545, -0.22725845873355865, 4.8470001220703125]
12, [-2.050630569458008, 0.16733317077159882, 4.811000347137451]
8, [-1.8418430089950562, -0.2300226241350174, 4.90725040435791]
9, [-1.9934136867523193, 0.18103311955928802, 5.216000080108643]
11, [-1.9794639348983765, -0.22741083800792694, 4.850250244140625]
12, [-2.050041437149048, 0.19957496225833893, 4.809500217437744]
2, [-1.8407658338546753, -0.7102084755897522, 4.815250396728516]
6, [-1.900160312652588, -0.8636168241500854, 4.51800012588501]
8, [-1.8326472043991089, -0.22887419164180756, 4.882750034332275]
9, [-1.994178056716919, 0.18110255897045135, 5.218000411987305]
11, [-1.9722199440002441, -0.22657862305641174, 4.832500457763672]
12, [-2.0481793880462646, 0.167133167386055, 4.80525016784668]
1, [-1.914563536643982, -0.7181980013847351, 4.690250396728516]
2, [-1.8403834104537964, -0.7100609540939331, 4.8142499923706055]
6, [-1.9028972387313843, -0.8534756898880005, 4.465000152587891]
8, [-1.832553505897522, -0.2288624793291092, 4.882500171661377]
9, [-1.9897829294204712, 0.18070340156555176, 5.206500053405762]
12, [-2.042318820953369, 0.16665491461753845, 4.791500091552734]
0, [-1.8603458404541016, -0.8880715370178223, 4.365250110626221]
2, [-1.8681890964508057, -0.708320677280426, 4.802000045776367]
8, [-1.8364006280899048, -0.22934295237064362, 4.892750263214111]
11, [-1.9740564823150635, -0.22678960859775543, 4.837000370025635]
12, [-2.0564351081848145, 0.20019738376140594, 4.82450008392334]
0, [-1.8685497045516968, -0.8919877409934998, 4.384500026702881]
2, [-1.8329882621765137, -0.7339991331100464, 4.794750213623047]
5, [-1.9138802289962769, -0.7493919730186462, 4.68850040435791]
8, [-1.8299261331558228, -0.22853437066078186, 4.875500202178955]
9, [-1.976311445236206, 0.17947998642921448, 5.171250343322754]
11, [-1.9967074394226074, -0.19388413429260254, 4.825750350952148]
12, [-2.0445563793182373, 0.16683752834796906, 4.796750068664551]
2, [-1.8377667665481567, -0.7359126806259155, 4.807250022888184]
8, [-1.822701096534729, -0.2276320457458496, 4.856250286102295]
9, [-1.99083411693573, 0.18079885840415955, 5.209250450134277]
11, [-1.9679346084594727, -0.22608628869056702, 4.822000026702881]
12, [-2.0504677295684814, 0.1996164470911026, 4.810500144958496]
2, [-1.8416852951049805, -0.7374818325042725, 4.817500114440918]
8, [-1.8330227136611938, -0.2289210855960846, 4.8837504386901855]
9, [-1.9963754415512085, 0.18130211532115936, 5.223750114440918]
11, [-1.971301555633545, -0.2264731079339981, 4.830250263214111]
12, [-2.053720712661743, 0.1675853282213211, 4.8182501792907715]
13, [-1.920371413230896, 0.5989195108413696, 4.863500118255615]
2, [-1.8400605916976929, -0.7368311882019043, 4.8132500648498535]
8, [-1.8364006280899048, -0.22934295237064362, 4.892750263214111]
9, [-1.9919805526733398, 0.18090297281742096, 5.212250232696533]
11, [-1.9745664596557617, -0.22684819996356964, 4.838250160217285]
12, [-2.039811372756958, 0.19857904314994812, 4.7855000495910645]
2, [-1.8408007621765137, -0.7694133520126343, 4.815000057220459]
5, [-1.8789050579071045, -0.7665719389915466, 4.602750301361084]
8, [-1.8366822004318237, -0.2293781042098999, 4.893500328063965]
9, [-1.9776490926742554, 0.17960146069526672, 5.174750328063965]
11, [-1.9734442234039307, -0.22671926021575928, 4.835500240325928]
12, [-2.042851686477661, 0.1666984111070633, 4.792750358581543]
13, [-1.9148434400558472, 0.5971955060958862, 4.8495001792907715]
2, [-1.8336325883865356, -0.7664172649383545, 4.796250343322754]
8, [-1.8297383785247803, -0.22851091623306274, 4.875]
9, [-1.9982863664627075, 0.1814756542444229, 5.228750228881836]
11, [-1.9665061235427856, -0.22592218220233917, 4.81850004196167]
12, [-2.0448200702667236, 0.199066624045372, 4.797250270843506]
2, [-1.840036153793335, -0.7690938115119934, 4.813000202178955]
8, [-1.826172947883606, -0.2280656397342682, 4.865500450134277]
9, [-1.968381404876709, 0.17875981330871582, 5.150500297546387]
11, [-1.979259729385376, -0.22738738358020782, 4.84975004196167]
12, [-2.046687602996826, 0.16701143980026245, 4.801750183105469]
5, [-1.8437249660491943, -0.7648320198059082, 4.59250020980835]
8, [-1.8302077054977417, -0.22856952250003815, 4.876250267028809]
9, [-2.0031590461730957, 0.1819181740283966, 5.241500377655029]
10, [-1.9854512214660645, 0.605254054069519, 5.467000484466553]
11, [-1.9749746322631836, -0.22689507901668549, 4.839250087738037]
12, [-2.0415728092193604, 0.16659405827522278, 4.789750099182129]
1, [-1.879916787147522, -0.7484372854232788, 4.682750225067139]
2, [-1.8171470165252686, -0.7731319665908813, 4.83875036239624]
5, [-1.850534200668335, -0.7549969553947449, 4.533250331878662]
8, [-1.8329287767410278, -0.22890935838222504, 4.883500099182129]
9, [-1.9907383918762207, 0.18079017102718353, 5.209000110626221]
11, [-1.966812252998352, -0.22595736384391785, 4.819250106811523]
12, [-2.041090250015259, 0.19870354235172272, 4.7885003089904785]
2, [-1.8330590724945068, -0.7661775350570679, 4.794750213623047]
8, [-1.8297383785247803, -0.22851091623306274, 4.875]
9, [-1.9674259424209595, 0.17867304384708405, 5.148000240325928]
11, [-1.968342900276184, -0.22613319754600525, 4.823000431060791]
12, [-2.0491385459899902, 0.16721142828464508, 4.80750036239624]
13, [-1.9136589765548706, 0.5968260765075684, 4.846500396728516]
2, [-1.834683895111084, -0.7668566703796387, 4.799000263214111]
8, [-1.8266420364379883, -0.2281242161989212, 4.866750240325928]
9, [-1.9770758152008057, 0.17954939603805542, 5.173250198364258]
11, [-1.9742603302001953, -0.22681303322315216, 4.837500095367432]
12, [-2.0476467609405518, 0.16708970069885254, 4.804000377655029]
13, [-1.9194830656051636, 0.5986424684524536, 4.861250400543213]
8, [-1.8318028450012207, -0.2287687361240387, 4.880500316619873]
9, [-1.9912163019180298, 0.18083356320858002, 5.210250377655029]
11, [-1.9756871461868286, -0.19449853897094727, 4.841000080108643]
12, [-2.04775333404541, 0.16709838807582855, 4.804250240325928]
13, [-1.9168177843093872, 0.597811222076416, 4.8545002937316895]
2, [-1.849566102027893, -0.727826714515686, 4.754000186920166]
8, [-1.8247653245925903, -0.22788985073566437, 4.86175012588501]
9, [-1.968381404876709, 0.17875981330871582, 5.150500297546387]
10, [-1.9776430130004883, 0.6028738021850586, 5.445500373840332]
11, [-1.966708779335022, -0.1936146318912506, 4.819000244140625]
12, [-2.046311855316162, 0.19921186566352844, 4.800750255584717]
2, [-1.8409919738769531, -0.7694932818412781, 4.815500259399414]
8, [-1.8248592615127563, -0.22790157794952393, 4.862000465393066]
9, [-1.9755470752716064, 0.17941056191921234, 5.169250011444092]
11, [-1.972320318222046, -0.19416707754135132, 4.83275032043457]
12, [-2.0421056747436523, 0.16663753986358643, 4.7910003662109375]
2, [-1.8429638147354126, -0.7110565304756165, 4.821000099182129]
5, [-1.8531196117401123, -0.7377687096595764, 4.616000175476074]
8, [-1.817540168762207, -0.22698752582073212, 4.84250020980835]
9, [-1.967617154121399, 0.17869040369987488, 5.148500442504883]
11, [-1.9421718120574951, -0.19442720711231232, 4.839250087738037]
12, [-2.035762071609497, 0.19818483293056488, 4.776000022888184]
13, [-1.9189894199371338, 0.5984885096549988, 4.860000133514404]
2, [-1.8493311405181885, -0.7405434846878052, 4.837500095367432]
8, [-1.8229825496673584, -0.2276672124862671, 4.857000350952148]
9, [-1.9906429052352905, 0.1807814985513687, 5.208750247955322]
10, [-1.9707427024841309, 0.6007702946662903, 5.42650032043457]
11, [-1.9365531206130981, -0.19386473298072815, 4.825250148773193]
12, [-2.0473270416259766, 0.1670636087656021, 4.803250312805176]
13, [-1.9257019758224487, 0.6005820035934448, 4.877000331878662]
2, [-1.890121340751648, -0.7064512372016907, 4.789000034332275]
8, [-1.8216689825057983, -0.22750315070152283, 4.8535003662109375]
9, [-1.9953244924545288, 0.18120667338371277, 5.2210001945495605]
10, [-1.9545817375183105, 0.5958436727523804, 5.38200044631958]
11, [-1.9391666650772095, -0.22653786838054657, 4.831750392913818]
12, [-2.0302774906158447, 0.16567236185073853, 4.763250350952148]
13, [-1.9227404594421387, 0.5996584296226501, 4.869500160217285]
3, [-2.051149606704712, -0.3763922452926636, 4.813000202178955]
8, [-1.8016939163208008, -0.22843383252620697, 4.87375020980835]
9, [-1.9960888624191284, 0.1812760829925537, 5.2230000495910645]
11, [-1.9367538690567017, -0.19388483464717865, 4.825750350952148]
12, [-2.0388023853302, 0.16636797785758972, 4.783250331878662]
8, [-1.8181970119476318, -0.22706955671310425, 4.844250202178955]
9, [-1.9926493167877197, 0.18096370995044708, 5.214000225067139]
11, [-1.9334427118301392, -0.1935533583164215, 4.817500114440918]
8, [-1.8181970119476318, -0.22706955671310425, 4.844250202178955]
9, [-1.9887319803237915, 0.18060795962810516, 5.203750133514404]
11, [-1.8999922275543213, -0.22576680779457092, 4.815500259399414]
13, [-1.912474274635315, 0.5964565873146057, 4.843500137329102]
8, [-1.8169771432876587, -0.22691720724105835, 4.841000080108643]
9, [-2.0292091369628906, 0.1811327189207077, 5.217000484466553]
11, [-1.9056146144866943, -0.2264348864555359, 4.829750061035156]
8, [-1.819416880607605, -0.22722190618515015, 4.847500324249268]
11, [-1.903641939163208, -0.22620049118995667, 4.8247504234313965]
12, [-2.0301144123077393, 0.1976350098848343, 4.762750148773193]
13, [-1.9217532873153687, 0.5993505120277405, 4.867000102996826]
8, [-1.8421950340270996, -0.2259986400604248, 4.821000099182129]
11, [-1.8745204210281372, -0.2259673923254013, 4.820000171661377]
12, [-2.031712770462036, 0.19779062271118164, 4.766499996185303]
13, [-1.9138473272323608, 0.5643429756164551, 4.847250461578369]
8, [-1.8751038312911987, -0.22603771090507507, 4.821500301361084]
9, [-2.0290145874023438, 0.18111535906791687, 5.216500282287598]
11, [-1.8412396907806396, -0.2258814424276352, 4.81850004196167]
12, [-2.0356554985046387, 0.19817446172237396, 4.775750160217285]
13, [-1.9159202575683594, 0.5649542212486267, 4.8525004386901855]
8, [-1.8432458639144897, -0.22612755000591278, 4.823750019073486]
11, [-1.8412253856658936, -0.1935736984014511, 4.81850004196167]
8, [-1.8098459243774414, -0.22602659463882446, 4.822000026702881]
11, [-1.837213158607483, -0.19315189123153687, 4.808000087738037]
2, [-1.9664573669433594, -0.6397086977958679, 4.542250156402588]
8, [-1.8105026483535767, -0.2261086255311966, 4.823750019073486]
11, [-1.8730511665344238, -0.19349311292171478, 4.816250324249268]
13, [-1.914448618888855, 0.5970723628997803, 4.8485002517700195]
8, [-1.7833951711654663, -0.22611376643180847, 4.824250221252441]
9, [-1.8840925693511963, 0.16581742465496063, 4.774500370025635]
11, [-1.871787190437317, -0.1933625489473343, 4.813000202178955]
2, [-1.9697895050048828, -0.7022843956947327, 4.760000228881836]
8, [-1.7527905702590942, -0.19400231540203094, 4.830250263214111]
11, [-1.829379916191101, -0.1923283487558365, 4.787500381469727]
8, [-1.7216109037399292, -0.19355365633964539, 4.81950044631958]
11, [-1.8735321760177612, -0.16662122309207916, 4.817500114440918]
2, [-1.9745227098464966, -0.6719624400138855, 4.771500110626221]
8, [-1.7215213775634766, -0.19354359805583954, 4.819250106811523]
11, [-1.8676015138626099, -0.16609378159046173, 4.802250385284424]
12, [-2.0673534870147705, 0.19516867399215698, 4.701000213623047]
1, [-2.0019025802612305, -0.6615361571311951, 4.6972503662109375]
2, [-1.9649014472961426, -0.668688178062439, 4.7482500076293945]
5, [-2.0256600379943848, -0.658967912197113, 4.679000377655029]
8, [-1.724289894104004, -0.19385483860969543, 4.827000141143799]
11, [-1.8606984615325928, -0.1654798686504364, 4.7845001220703125]
8, [-1.715806007385254, -0.19290104508399963, 4.803250312805176]
11, [-1.8272709846496582, -0.16538859903812408, 4.7820000648498535]
8, [-1.7240068912506104, -0.16687972843647003, 4.826250076293945]
11, [-1.8257397413253784, -0.13321469724178314, 4.778000354766846]
8, [-1.7151658535003662, -0.16602395474910736, 4.80150032043457]
9, [-2.0501832962036133, 0.21836283802986145, 5.270750045776367]
11, [-1.8257397413253784, -0.13321469724178314, 4.778000354766846]
8, [-1.7051639556884766, -0.1650557816028595, 4.773500442504883]
11, [-1.8239246606826782, -0.13308225572109222, 4.773250102996826]
13, [-1.9442623853683472, 0.5962535738945007, 4.841000080108643]
8, [-1.7134690284729004, -0.16585969924926758, 4.796750068664551]
11, [-1.8180018663406372, -0.13265010714530945, 4.757750034332275]
8, [-1.7101799249649048, -0.1922685205936432, 4.787500381469727]
11, [-1.8248828649520874, -0.16517244279384613, 4.775750160217285]
2, [-1.9685616493225098, -0.6592029333114624, 4.680750370025635]
8, [-1.7136627435684204, -0.19266007840633392, 4.797250270843506]
11, [-1.817813754081726, -0.1645326167345047, 4.7572503089904785]
8, [-1.7282826900482178, -0.16469568014144897, 4.762750148773193]
11, [-1.845239520072937, -0.16410504281520844, 4.744750022888184]
2, [-1.9700336456298828, -0.6596958637237549, 4.684250354766846]
8, [-1.7210252285003662, -0.16400408744812012, 4.74275016784668]
11, [-1.8349337577819824, -0.16318850219249725, 4.718250274658203]
2, [-1.9285026788711548, -0.6457886099815369, 4.585500240325928]
8, [-1.7103204727172852, -0.1629839837551117, 4.713250160217285]
11, [-1.8352248668670654, -0.13156847655773163, 4.719000339508057]
2, [-1.9921001195907593, -0.6582968831062317, 4.67425012588501]
8, [-1.7178500890731812, -0.16370151937007904, 4.734000205993652]
11, [-1.8314337730407715, -0.16287723183631897, 4.709250450134277]
8, [-1.7441792488098145, -0.16316856443881989, 4.718250274658203]
11, [-1.830753207206726, -0.16281670331954956, 4.707500457763672]
8, [-1.7451958656311035, -0.16326366364955902, 4.7210001945495605]
11, [-1.825600028038025, -0.16235841810703278, 4.694250106811523]
6, [-1.8539315462112427, -0.3928395211696625, 4.041250228881836]
8, [-1.7412220239639282, -0.1628919094800949, 4.710250377655029]
11, [-1.8204466104507446, -0.13050901889801025, 4.681000232696533]
13, [-1.9331172704696655, 0.5928356647491455, 4.8132500648498535]
8, [-1.7653377056121826, -0.13113665580749512, 4.703500270843506]
9, [-1.976953387260437, 0.21423207223415375, 5.172750473022461]
11, [-1.847013235092163, -0.1305132955312729, 4.681250095367432]
8, [-1.760740041732788, -0.13079512119293213, 4.691250324249268]
9, [-1.9685451984405518, 0.21332092583179474, 5.150750160217285]
11, [-1.8540167808532715, -0.13100817799568176, 4.699000358581543]
8, [-1.7605522871017456, -0.1307811737060547, 4.6907501220703125]
11, [-1.8423774242401123, -0.13018570840358734, 4.669500350952148]
1, [-1.9728833436965942, -0.5767589807510376, 4.487250328063965]
8, [-1.7663750648498535, -0.16276150941848755, 4.706250190734863]
11, [-1.8454351425170898, -0.13040179014205933, 4.677250385284424]
8, [-1.7611204385757446, -0.16227732598781586, 4.6922502517700195]
11, [-1.8407005071640015, -0.13006721436977386, 4.665250301361084]
1, [-1.9724438190460205, -0.5766304731369019, 4.486250400543213]
8, [-1.7584880590438843, -0.13062784075737, 4.685250282287598]
9, [-1.9545954465866089, 0.21180924773216248, 5.114250183105469]
11, [-1.8398126363754272, -0.13000448048114777, 4.663000106811523]
8, [-1.754828691482544, -0.13035601377487183, 4.675500392913818]
10, [-1.9748284816741943, 0.6020157933235168, 5.437750339508057]
11, [-1.8483942747116089, -0.1306108683347702, 4.684750080108643]
8, [-1.7595252990722656, -0.16213034093379974, 4.688000202178955]
11, [-1.8337957859039307, -0.1295793205499649, 4.647750377655029]
6, [-1.9626091718673706, -0.32924050092697144, 4.605250358581543]
8, [-1.7629971504211426, -0.16245025396347046, 4.6972503662109375]
9, [-1.9599460363388062, 0.21238906681537628, 5.1282501220703125]
11, [-1.8435609340667725, -0.1302693486213684, 4.672500133514404]
1, [-2.0057387351989746, -0.5789651870727539, 4.504500389099121]
2, [-1.9859532117843628, -0.6108899712562561, 4.517000198364258]
6, [-1.9667643308639526, -0.32993751764297485, 4.615000247955322]
7, [-1.9668453931808472, -0.1303618848323822, 4.677000045776367]
8, [-1.7548338174819946, -0.16169804334640503, 4.675500392913818]
9, [-1.948289394378662, 0.21112589538097382, 5.097750186920166]
11, [-1.841489553451538, -0.13012297451496124, 4.667250156402588]
1, [-1.995958924293518, -0.546061635017395, 4.482500076293945]
8, [-1.7568042278289795, -0.16187961399555206, 4.680750370025635]
9, [-1.9448497295379639, 0.2107531726360321, 5.08875036239624]
11, [-1.835768461227417, -0.12971872091293335, 4.652750015258789]
13, [-1.9394428730010986, 0.5947755575180054, 4.828999996185303]
2, [-2.01585054397583, -0.6122633814811707, 4.527250289916992]
7, [-1.9624297618865967, -0.13006922602653503, 4.666500091552734]
8, [-1.7579301595687866, -0.16198335587978363, 4.683750152587891]
9, [-1.931664228439331, 0.20932433009147644, 5.054250240325928]
11, [-1.8339929580688477, -0.12959325313568115, 4.648250102996826]
7, [-1.9714714288711548, -0.1306684911251068, 4.688000202178955]
8, [-1.7569071054458618, -0.18803752958774567, 4.681000232696533]
11, [-1.8691319227218628, -0.12983889877796173, 4.65725040435791]
5, [-2.0347063541412354, -0.5483562350273132, 4.501500129699707]
6, [-1.9290026426315308, -0.3894931375980377, 4.587000370025635]
7, [-1.9807231426239014, -0.13128168880939484, 4.710000038146973]
8, [-1.751558780670166, -0.1874651163816452, 4.666750431060791]
11, [-1.8341903686523438, -0.1296072006225586, 4.648750305175781]
2, [-1.9559462070465088, -0.6016596555709839, 4.448750019073486]
8, [-1.756813406944275, -0.1880275011062622, 4.680750370025635]
11, [-1.8327093124389648, -0.16065695881843567, 4.645000457763672]
6, [-1.9334079027175903, -0.359533429145813, 4.597500324249268]
8, [-1.7554997205734253, -0.18788690865039825, 4.677250385284424]
11, [-1.8353723287582397, -0.1608904004096985, 4.651750087738037]
6, [-1.9931904077529907, -0.3034023344516754, 4.604000091552734]
8, [-1.758399486541748, -0.16202659904956818, 4.685000419616699]
11, [-1.8295526504516602, -0.16038024425506592, 4.63700008392334]
8, [-1.758680820465088, -0.16205252707004547, 4.6857500076293945]
9, [-1.8564296960830688, 0.19494521617889404, 4.704250335693359]
11, [-1.8199611902236938, -0.16185691952705383, 4.679750442504883]
8, [-1.7922191619873047, -0.18842151761054993, 4.690250396728516]
11, [-1.8054794073104858, -0.18651270866394043, 4.642500400543213]
6, [-2.0344135761260986, -0.4441557824611664, 4.568750381469727]
8, [-1.81850266456604, -0.1617272049188614, 4.676000118255615]
9, [-1.8479450941085815, 0.1940542459487915, 4.682750225067139]
11, [-1.7853410243988037, -0.18769840896129608, 4.672250270843506]
8, [-1.8323146104812622, -0.16062235832214355, 4.644000053405762]
9, [-1.8487343788146973, 0.19413712620735168, 4.684750080108643]
11, [-1.7964152097702026, -0.16259580850601196, 4.701250076293945]
8, [-1.8373452425003052, -0.16106334328651428, 4.656750202178955]
9, [-1.8441962003707886, 0.19366055727005005, 4.673250198364258]
11, [-1.7873401641845703, -0.1617744117975235, 4.677500247955322]
6, [-1.82785165309906, -0.43634021282196045, 3.9845001697540283]
8, [-1.8445473909378052, -0.13033904135227203, 4.675000190734863]
9, [-1.854949712753296, 0.1947897970676422, 4.700500011444092]
11, [-1.7970839738845825, -0.16265633702278137, 4.703000068664551]
8, [-1.7607451677322388, -0.16224274039268494, 4.691250324249268]
9, [-1.8507075309753418, 0.19434432685375214, 4.6897501945495605]
11, [-1.8198637962341309, -0.1618482619524002, 4.679500102996826]
8, [-1.797463297843933, -0.13115151226520538, 4.703999996185303]
11, [-1.8290023803710938, -0.1311223804950714, 4.703000068664551]
8, [-1.773037075996399, -0.1633753776550293, 4.724000453948975]
9, [-1.8687617778778076, 0.19624021649360657, 4.735500335693359]
11, [-1.8352248668670654, -0.13156847655773163, 4.719000339508057]
5, [-2.1248257160186768, -0.6357358694076538, 4.701000213623047]
8, [-1.7689032554626465, -0.13140152394771576, 4.713000297546387]
9, [-1.862349033355713, 0.1955668181180954, 4.719250202178955]
11, [-1.8296829462051392, -0.13117118179798126, 4.704750061035156]
5, [-2.1455044746398926, -0.6419228911399841, 4.746750354766846]
8, [-1.7699353694915771, -0.1314782053232193, 4.715750217437744]
11, [-1.8365861177444458, -0.13166606426239014, 4.722500324249268]
8, [-1.7802568674087524, -0.13224491477012634, 4.743250370025635]
11, [-1.8400861024856567, -0.13191698491573334, 4.731500148773193]
2, [-1.9978463649749756, -0.6241163015365601, 4.614750385284424]
8, [-1.7765973806381226, -0.13197307288646698, 4.733500003814697]
10, [-2.0040438175201416, 0.5998645424842834, 5.4170002937316895]
11, [-1.8380444049835205, -0.13177061080932617, 4.726250171661377]
8, [-1.7871065139770508, -0.13275374472141266, 4.761500358581543]
11, [-1.8470864295959473, -0.13241884112358093, 4.749500274658203]
8, [-1.7841978073120117, -0.13253766298294067, 4.753750324249268]
11, [-1.8470864295959473, -0.13241884112358093, 4.749500274658203]
8, [-1.763771653175354, -0.16500143706798553, 4.771250247955322]
11, [-1.8545732498168945, -0.1649351269006729, 4.768750190734863]
8, [-1.7394412755966187, -0.16575902700424194, 4.7935004234313965]
11, [-1.8536009788513184, -0.16484865546226501, 4.766250133514404]
2, [-2.005098819732666, -0.662592351436615, 4.704750061035156]
5, [-2.0306739807128906, -0.586162805557251, 4.560500144958496]
8, [-1.7719967365264893, -0.16577090322971344, 4.7935004234313965]
11, [-1.861670732498169, -0.1655663251876831, 4.7870001792907715]
1, [-2.080260753631592, -0.6398994326591492, 4.731500148773193]
2, [-2.037567138671875, -0.6365249156951904, 4.706500053405762]
5, [-2.0709712505340576, -0.5977948307991028, 4.651000022888184]
7, [-2.268143653869629, -0.4760187268257141, 4.3525004386901855]
8, [-1.7438092231750488, -0.19300825893878937, 4.805500030517578]
9, [-2.043473720550537, 0.2176481932401657, 5.253500461578369]
11, [-1.8591428995132446, -0.16534152626991272, 4.780500411987305]
5, [-2.100447177886963, -0.5972581505775452, 4.647000312805176]
8, [-1.7438092231750488, -0.19300825893878937, 4.805500030517578]
11, [-1.832142949104309, -0.16582956910133362, 4.794750213623047]
1, [-2.0385425090789795, -0.6052339673042297, 4.708750247955322]
2, [-2.0506632328033447, -0.6406160593032837, 4.73675012588501]
5, [-2.0694994926452637, -0.605004072189331, 4.707000255584717]
8, [-1.7282193899154663, -0.19429661333560944, 4.838000297546387]
11, [-1.8266979455947876, -0.1653367429971695, 4.780500411987305]
13, [-1.9029979705810547, 0.5935011506080627, 4.81950044631958]
8, [-1.727594256401062, -0.19422633945941925, 4.836250305175781]
11, [-1.8354865312576294, -0.16613219678401947, 4.803500175476074]
1, [-2.0553174018859863, -0.642069935798645, 4.747500419616699]
5, [-2.097353935241699, -0.6054102778434753, 4.710250377655029]
8, [-1.7546956539154053, -0.19421318173408508, 4.835500240325928]
11, [-1.8329071998596191, -0.16589874029159546, 4.796750068664551]
1, [-2.055100917816162, -0.642002284526825, 4.747000217437744]
2, [-2.00421404838562, -0.6820669174194336, 4.843250274658203]
5, [-2.109487533569336, -0.6089127063751221, 4.737500190734863]
11, [-1.8742127418518066, -0.16668175160884857, 4.819250106811523]
1, [-2.0596466064453125, -0.6434223651885986, 4.757500171661377]
5, [-2.1090424060821533, -0.6087841987609863, 4.736500263214111]
8, [-1.739675521850586, -0.22820988297462463, 4.87000036239624]
11, [-1.868476390838623, -0.166171595454216, 4.804500102996826]
1, [-2.0612680912017822, -0.670551598072052, 4.761250019073486]
5, [-2.1373982429504395, -0.6077650785446167, 4.728750228881836]
8, [-1.7393183708190918, -0.22816301882266998, 4.869000434875488]
11, [-1.8805323839187622, -0.16724379360675812, 4.835500240325928]
1, [-2.08183217048645, -0.6772412657737732, 4.808750152587891]
2, [-1.9938279390335083, -0.720628023147583, 4.884500026702881]
7, [-2.4310715198516846, -0.5036840438842773, 4.606500148773193]
8, [-1.734763741493225, -0.22756554186344147, 4.856250286102295]
11, [-1.875962734222412, -0.16683737933635712, 4.823750019073486]
8, [-1.7437835931777954, -0.22874876856803894, 4.881500244140625]
9, [-2.0243444442749023, 0.21936757862567902, 5.296750068664551]
11, [-1.8716850280761719, -0.166456937789917, 4.812750339508057]
1, [-2.089949607849121, -0.6798819303512573, 4.827500343322754]
5, [-2.164518356323242, -0.6154766082763672, 4.788750171661377]
8, [-1.7390503883361816, -0.2281278669834137, 4.868250370025635]
11, [-1.877421259880066, -0.16696709394454956, 4.827500343322754]
1, [-2.0608227252960205, -0.6810065507888794, 4.835500240325928]
2, [-1.9772891998291016, -0.7266370058059692, 4.925500392913818]
8, [-1.7496777772903442, -0.2295219600200653, 4.898000240325928]
9, [-2.0262553691864014, 0.21957466006278992, 5.301750183105469]
11, [-1.8771295547485352, -0.16694115102291107, 4.8267502784729]
5, [-2.183495044708252, -0.6631811261177063, 4.903750419616699]
8, [-1.7392289638519287, -0.22815129160881042, 4.868750095367432]
9, [-2.0239875316619873, 0.18380972743034363, 5.2960004806518555]
11, [-1.877323865890503, -0.16695843636989594, 4.827250003814697]
13, [-1.8881014585494995, 0.620959460735321, 4.781500339508057]
1, [-2.062101125717163, -0.6814290285110474, 4.838500022888184]
2, [-1.9590389728546143, -0.7599503993988037, 4.963500022888184]
8, [-1.7429797649383545, -0.22864332795143127, 4.8792500495910645]
11, [-1.9058005809783936, -0.16706420481204987, 4.830250263214111]
13, [-1.901714563369751, 0.593100905418396, 4.816250324249268]
1, [-2.07723069190979, -0.6864286661148071, 4.874000072479248]
2, [-1.9617558717727661, -0.7332253456115723, 4.970500469207764]
8, [-1.7575366497039795, -0.23055288195610046, 4.920000076293945]
11, [-1.910929799079895, -0.16751383244991302, 4.843250274658203]
1, [-2.0938520431518555, -0.6919212341308594, 4.913000106811523]
8, [-1.7495884895324707, -0.22951024770736694, 4.897750377655029]
11, [-1.8780044317245483, -0.16701896488666534, 4.828999996185303]
12, [-2.092794418334961, 0.2330576628446579, 4.833000183105469]
1, [-2.0516231060028076, -0.6870173811912537, 4.8782501220703125]
8, [-1.7519103288650513, -0.2298148274421692, 4.904250144958496]
11, [-1.8892878293991089, -0.19517041742801666, 4.8580002784729]
1, [-2.078749895095825, -0.6961011290550232, 4.942750453948975]
8, [-1.7294647693634033, -0.23123660683631897, 4.935250282287598]
11, [-1.879754662513733, -0.16717462241649628, 4.833500385284424]
1, [-2.070338249206543, -0.6932844519615173, 4.922749996185303]
2, [-1.9335485696792603, -0.7331016063690186, 4.970000267028809]
8, [-1.723595142364502, -0.2304518073797226, 4.9185004234313965]
9, [-1.9924383163452148, 0.18414975702762604, 5.307750225067139]
11, [-1.8781018257141113, -0.16702762246131897, 4.829250335693359]
1, [-2.0521490573883057, -0.6871934533119202, 4.879500389099121]
8, [-1.7209668159484863, -0.23010039329528809, 4.9110002517700195]
11, [-1.886171579360962, -0.16774529218673706, 4.850000381469727]
1, [-2.072336196899414, -0.6939533948898315, 4.927500247955322]
8, [-1.7252596616744995, -0.2306743562221527, 4.923250198364258]
9, [-1.9799569845199585, 0.18299616873264313, 5.274500370025635]
11, [-1.8811209201812744, -0.1943267583847046, 4.837000370025635]
8, [-1.7536072731018066, -0.23003743588924408, 4.909000396728516]
11, [-1.8821903467178345, -0.19443723559379578, 4.839750289916992]
1, [-2.0771725177764893, -0.6955729722976685, 4.939000129699707]
2, [-1.9724122285842896, -0.7372083067893982, 4.997500419616699]
8, [-1.7185138463974, -0.2297724187374115, 4.904000282287598]
11, [-1.8798569440841675, -0.1941961795091629, 4.833750247955322]
8, [-1.7132574319839478, -0.22906960546970367, 4.889000415802002]
9, [-1.97348153591156, 0.18239769339561462, 5.2572503089904785]
11, [-1.8793708086013794, -0.19414596259593964, 4.832500457763672]
8, [-1.7120308876037598, -0.22890561819076538, 4.885500431060791]
9, [-1.9705723524093628, 0.18212880194187164, 5.249500274658203]
11, [-1.8813152313232422, -0.1943468302488327, 4.837500095367432]
1, [-2.0881073474884033, -0.699234664440155, 4.965000152587891]
8, [-1.7330667972564697, -0.22734294831752777, 4.851500034332275]
9, [-1.9646600484848022, 0.18158237636089325, 5.233750343322754]
11, [-1.866537094116211, -0.19282019138336182, 4.799500465393066]
8, [-1.7124688625335693, -0.2289641797542572, 4.886750221252441]
9, [-1.9741384983062744, 0.18245840072631836, 5.259000301361084]
11, [-1.869643211364746, -0.16627536714076996, 4.80750036239624]
2, [-1.975273609161377, -0.7382777333259583, 5.0047502517700195]
8, [-1.7175501585006714, -0.2296435683965683, 4.90125036239624]
9, [-1.9587478637695312, 0.18103593587875366, 5.218000411987305]
11, [-1.8722732067108154, -0.19341275095939636, 4.8142499923706055]
1, [-2.0760586261749268, -0.6860413551330566, 4.871250152587891]
8, [-1.7305662631988525, -0.2270149290561676, 4.8445000648498535]
9, [-1.9666308164596558, 0.18176451325416565, 5.23900032043457]
11, [-1.8354936838150024, -0.1929711103439331, 4.803500175476074]
1, [-2.088737726211548, -0.690231204032898, 4.901000022888184]
8, [-1.7240469455718994, -0.2261597216129303, 4.826250076293945]
11, [-1.8386390209197998, -0.16641753911972046, 4.811750411987305]
8, [-1.7328883409500122, -0.22731952369213104, 4.8510003089904785]
11, [-1.832620620727539, -0.16587279736995697, 4.796000003814697]
8, [-1.7187778949737549, -0.22546853125095367, 4.811500072479248]
11, [-1.8334803581237793, -0.16595062613487244, 4.798250198364258]
1, [-2.0875701904296875, -0.6521455645561218, 4.822000026702881]
8, [-1.7000007629394531, -0.19480597972869873, 4.851250171661377]
11, [-1.828796625137329, -0.13343773782253265, 4.7860002517700195]
1, [-2.0948219299316406, -0.6544109582901001, 4.83875036239624]
5, [-2.162475347518921, -0.6242078542709351, 4.856500148773193]
8, [-1.6986867189407349, -0.1946554034948349, 4.847500324249268]
11, [-1.8376836776733398, -0.16633106768131256, 4.809250354766846]
5, [-2.1403229236602783, -0.6178134679794312, 4.806750297546387]
8, [-1.7148237228393555, -0.19279059767723083, 4.800500392913818]
11, [-1.845899224281311, -0.16707466542720795, 4.830750465393066]
1, [-2.095580577850342, -0.6221683025360107, 4.840500354766846]
8, [-1.6885243654251099, -0.1934908777475357, 4.81850004196167]
11, [-1.8292741775512695, -0.13347259163856506, 4.78725004196167]
13, [-1.933318853378296, 0.5605745315551758, 4.814000129699707]
1, [-2.0675485134124756, -0.613845705986023, 4.775750160217285]
5, [-2.140768051147461, -0.6179419755935669, 4.807750225067139]
8, [-1.7281301021575928, -0.19428658485412598, 4.837750434875488]
11, [-1.7975218296051025, -0.13352742791175842, 4.789250373840332]
1, [-2.066899061203003, -0.6136528849601746, 4.774250030517578]
8, [-1.7233967781066895, -0.1937544345855713, 4.82450008392334]
11, [-1.7821624279022217, -0.166721910238266, 4.821000099182129]
1, [-2.056725263595581, -0.6106323599815369, 4.7507500648498535]
5, [-2.085437536239624, -0.6096633672714233, 4.743250370025635]
8, [-1.7220573425292969, -0.19360384345054626, 4.8207502365112305]
11, [-1.7466987371444702, -0.166450634598732, 4.81350040435791]
1, [-2.0325896739959717, -0.6034666299819946, 4.695000171661377]
2, [-2.1005992889404297, -0.574689507484436, 4.71750020980835]
5, [-2.0325896739959717, -0.6034666299819946, 4.695000171661377]
8, [-1.8482844829559326, -0.13485966622829437, 4.837000370025635]
9, [-1.8431521654129028, 0.19631215929985046, 4.738500118255615]
11, [-1.7354377508163452, -0.1679862141609192, 4.858250141143799]
13, [-1.9244186878204346, 0.6001817584037781, 4.87375020980835]
1, [-2.034754514694214, -0.6041092872619629, 4.700000286102295]
5, [-2.034754514694214, -0.6041092872619629, 4.700000286102295]
8, [-1.8048045635223389, -0.16884009540081024, 4.8822503089904785]
9, [-1.8624063730239868, 0.19836290180683136, 4.788000106811523]
11, [-1.7249891757965088, -0.16697481274604797, 4.828999996185303]
13, [-1.9175087213516235, 0.5980267524719238, 4.856250286102295]
8, [-1.8596524000167847, -0.1356891244649887, 4.866750240325928]
9, [-1.8779369592666626, 0.19720371067523956, 4.7587504386901855]
11, [-1.7407066822052002, -0.168496236205101, 4.873000144958496]
13, [-1.923234224319458, 0.599812388420105, 4.870750427246094]
8, [-1.767645001411438, -0.1358063966035843, 4.871250152587891]
9, [-1.9032896757125854, 0.19654978811740875, 4.741500377655029]
11, [-1.7373019456863403, -0.13558483123779297, 4.863500118255615]
13, [-1.9571137428283691, 0.5674739480018616, 4.8732500076293945]
8, [-1.809510588645935, -0.1364733725786209, 4.895000457763672]
9, [-1.9055976867675781, 0.19678813219070435, 4.747250080108643]
11, [-1.7369447946548462, -0.13555696606636047, 4.862500190734863]
6, [-1.9671772718429565, -0.4233570992946625, 4.677750110626221]
8, [-1.8927874565124512, -0.10305611044168472, 4.867000102996826]
11, [-1.7500722408294678, -0.13658146560192108, 4.899250030517578]
13, [-1.9620336294174194, 0.568900465965271, 4.885500431060791]
5, [-1.866672158241272, -0.5976146459579468, 4.650250434875488]
8, [-1.9510048627853394, -0.13552619516849518, 4.861250400543213]
9, [-2.133476495742798, 0.17921631038188934, 5.155500411987305]
11, [-1.7451719045639038, -0.16892845928668976, 4.885500431060791]
13, [-1.920465350151062, 0.5064285397529602, 4.864500045776367]
5, [-1.8623569011688232, -0.596233069896698, 4.639500141143799]
9, [-2.2181811332702637, 0.11517054587602615, 5.123000144958496]
10, [-1.9036071300506592, 0.41027653217315674, 4.822500228881836]
11, [-1.7757189273834229, -0.13642671704292297, 4.893500328063965]
9, [-2.2269673347473145, 0.11248726397752762, 5.000250339508057]
11, [-1.7736324071884155, -0.13626641035079956, 4.887750148773193]
12, [-1.8785287141799927, 0.1972658634185791, 4.760250091552734]
5, [-1.7324626445770264, -0.6236918568611145, 4.61400032043457]
6, [-1.6173832416534424, -0.6231977343559265, 4.612750053405762]
8, [-2.038219690322876, -0.16761872172355652, 4.846750259399414]
11, [-1.7869609594345093, -0.1347726732492447, 4.834000110626221]
17, [-1.8389441967010498, -0.6898314356803894, 4.505000114440918]
5, [-1.691945195198059, -0.6297919154167175, 4.660250186920166]
6, [-1.608107089996338, -0.39677727222442627, 4.678750038146973]
8, [-2.0739686489105225, -0.16829241812229156, 4.866500377655029]
9, [-2.31178617477417, 0.07756514102220535, 4.90625]
11, [-1.796208143234253, -0.1334298551082611, 4.785750389099121]
5, [-1.6408615112304688, -0.6008930802345276, 4.680000305175781]
6, [-1.6184555292129517, -0.3362654447555542, 4.709250450134277]
7, [-1.6605472564697266, -0.31194043159484863, 4.738250255584717]
8, [-2.0583066940307617, -0.1670215129852295, 4.829750061035156]
11, [-1.7951772212982178, -0.1012905091047287, 4.7829999923706055]
5, [-1.6185657978057861, -0.5727834701538086, 4.70775032043457]
6, [-1.5902905464172363, -0.3358924388885498, 4.704750061035156]
7, [-1.7120403051376343, -0.16572140157222748, 4.792750358581543]
8, [-2.033801794052124, -0.16503307223320007, 4.772250175476074]
9, [-2.3074698448181152, 0.0167547557502985, 4.772500038146973]
11, [-1.7944329977035522, -0.07454022765159607, 4.781000137329102]
12, [-1.794061541557312, 0.25661587715148926, 4.778750419616699]
2, [-1.8406059741973877, -0.5328829288482666, 4.585500240325928]
5, [-1.601464033126831, -0.5407339334487915, 4.658250331878662]
6, [-1.6234254837036133, -0.27930840849876404, 4.724000453948975]
7, [-1.7140941619873047, -0.1659202128648758, 4.798500061035156]
8, [-2.0352933406829834, -0.1651540994644165, 4.775750160217285]
9, [-2.2612714767456055, -0.009894443675875664, 4.731750011444092]
11, [-1.8234575986862183, -0.07438875734806061, 4.772000312805176]
2, [-1.8268193006515503, -0.4983644187450409, 4.551249980926514]
6, [-1.618786096572876, -0.2785102128982544, 4.710500240325928]
8, [-2.0170884132385254, -0.13191081583499908, 4.7330002784729]
9, [-2.32792592048645, 0.016545848920941353, 4.695500373840332]
10, [-2.6381797790527344, 0.0758667141199112, 4.776500225067139]
11, [-1.8293001651763916, -0.042527806013822556, 4.78725004196167]
12, [-1.7724506855010986, 0.31626206636428833, 4.793000221252441]
13, [-2.1020734310150146, 0.64784175157547, 4.778250217437744]
17, [-1.6681482791900635, -0.6465941071510315, 4.5945000648498535]
5, [-1.5583428144454956, -0.5142456293106079, 4.703250408172607]
8, [-1.9809489250183105, -0.09968389570713043, 4.710500240325928]
9, [-2.2403581142425537, -0.00966175738722086, 4.6337504386901855]
10, [-2.504448890686035, 0.047670647501945496, 4.636250019073486]
11, [-1.8214669227600098, -0.042345695197582245, 4.766750335693359]
12, [-1.7788296937942505, 0.3174002766609192, 4.810250282287598]
13, [-2.1179721355438232, 0.6445586681365967, 4.753750324249268]
17, [-1.6055374145507812, -0.5879571437835693, 4.579250335693359]
1, [-1.6829111576080322, -0.5073410868644714, 4.636250019073486]
4, [-1.673610806465149, -0.4331684112548828, 4.458250045776367]
7, [-1.4808557033538818, -0.5644959211349487, 4.64300012588501]
8, [-1.9719969034194946, -0.13070333003997803, 4.6892499923706055]
11, [-1.7872217893600464, -0.04231906309723854, 4.761750221252441]
12, [-1.784376621246338, 0.31839004158973694, 4.825250148773193]
17, [-1.58222496509552, -0.5907445549964905, 4.601750373840332]
1, [-1.6390162706375122, -0.5114837884902954, 4.675500392913818]
4, [-1.5991655588150024, -0.4430246353149414, 4.562250137329102]
6, [-1.4775525331497192, -0.5267261266708374, 4.8212504386901855]
8, [-1.938793659210205, -0.13061775267124176, 4.6857500076293945]
11, [-1.781526803970337, -0.042844317853450775, 4.819250106811523]
12, [-1.7827125787734985, 0.31809312105178833, 4.8207502365112305]
15, [-1.564508318901062, -0.5937999486923218, 4.626250267028809]
0, [-1.5525267124176025, -0.6011940240859985, 4.684750080108643]
1, [-1.5987039804458618, -0.5086580514907837, 4.650500297546387]
2, [-1.6789183616638184, -0.5061373710632324, 4.625250339508057]
7, [-1.6928362846374512, -0.4703625738620758, 4.578250408172607]
8, [-1.9175394773483276, -0.13098129630088806, 4.698500156402588]
11, [-1.781064748764038, -0.04283320903778076, 4.818000316619873]
12, [-1.792974591255188, 0.31992417573928833, 4.8485002517700195]
13, [-2.1157445907592773, 0.6438807249069214, 4.74875020980835]
1, [-1.5747225284576416, -0.4703504145145416, 4.581000328063965]
3, [-1.7743033170700073, -0.33777305483818054, 4.7270002365112305]
11, [-1.737186312675476, -0.010280284099280834, 4.699250221252441]
12, [-1.7872426509857178, 0.3189014196395874, 4.833000183105469]
16, [-1.5892550945281982, -0.5717224478721619, 4.6997504234313965]
0, [-1.4776287078857422, -0.5753731727600098, 4.733500003814697]
1, [-1.5577894449234009, -0.5038484930992126, 4.607250213623047]
2, [-1.6287645101547241, -0.4771612286567688, 4.646500110626221]
3, [-1.6939427852630615, -0.3647244870662689, 4.667500019073486]
5, [-1.4846802949905396, -0.47769492864608765, 4.656000137329102]
9, [-1.7242180109024048, 0.2678990066051483, 4.432250022888184]
11, [-1.7060219049453735, -0.04102848842740059, 4.615000247955322]
12, [-1.7458328008651733, 0.32218554615974426, 4.885500431060791]
15, [-1.4788520336151123, -0.6075414419174194, 4.736999988555908]
1, [-1.5289368629455566, -0.50454181432724, 4.614500045776367]
3, [-1.4223339557647705, -0.3780505359172821, 4.461250305175781]
5, [-1.476530909538269, -0.5370320081710815, 4.6297502517700195]
8, [-1.828910231590271, -0.09957820922136307, 4.702750205993652]
9, [-1.797704815864563, 0.29360231757164, 4.861500263214111]
11, [-1.7295753955841064, -0.07295412570238113, 4.678750038146973]
12, [-1.8010387420654297, 0.26148754358291626, 4.870750427246094]
14, [-1.455227017402649, -0.6404899954795837, 4.746750354766846]
1, [-1.5123212337493896, -0.509384036064148, 4.659749984741211]
2, [-1.5931954383850098, -0.48374998569488525, 4.712250232696533]
7, [-1.3394231796264648, -0.6115826964378357, 4.773750305175781]
8, [-1.8021472692489624, -0.09987137466669083, 4.716250419616699]
9, [-1.7679461240768433, 0.3212626874446869, 4.870250225067139]
11, [-1.666662573814392, -0.07276591658592224, 4.665750026702881]
12, [-1.7073049545288086, 0.3210776746273041, 4.870250225067139]
14, [-1.436009168624878, -0.6728618144989014, 4.7895002365112305]
1, [-1.50642991065979, -0.5479066371917725, 4.7235002517700195]
2, [-1.4635926485061646, -0.5124029517173767, 4.6892499923706055]
9, [-1.7918806076049805, 0.3847167491912842, 4.845000267028809]
11, [-1.679072618484497, -0.09955010563135147, 4.700500011444092]
14, [-1.361489176750183, -0.7135173082351685, 4.85075044631958]
0, [-1.315100073814392, -0.748031497001648, 4.901500225067139]
1, [-1.4787213802337646, -0.5757985711097717, 4.736999988555908]
2, [-1.4518870115280151, -0.5756598114967346, 4.73675012588501]
3, [-1.3307428359985352, -0.5178265571594238, 4.744250297546387]
4, [-1.120618224143982, -0.5608460903167725, 4.62600040435791]
5, [-1.5440553426742554, -0.6209815740585327, 4.840750217437744]
8, [-1.5912151336669922, -0.07344313710927963, 4.708250045776367]
12, [-1.7646790742874146, 0.320669025182724, 4.861250400543213]
13, [-2.0524327754974365, 0.6423296332359314, 4.738000392913818]
14, [-1.3741241693496704, -0.7474055290222168, 4.89525032043457]
0, [-1.3410534858703613, -0.779964029788971, 4.894750118255615]
1, [-1.5018261671066284, -0.6609997153282166, 4.898750305175781]
3, [-1.300410509109497, -0.6082907915115356, 4.749250411987305]
5, [-1.4128209352493286, -0.6502777934074402, 4.821500301361084]
6, [-1.2411351203918457, -0.6078119874000549, 4.747750282287598]
7, [-1.076148271560669, -0.5984922051429749, 4.680750370025635]
8, [-1.6416645050048828, -0.1011786013841629, 4.777500152587891]
9, [-1.7468008995056152, 0.31742027401924133, 4.812000274658203]
11, [-1.4034326076507568, -0.13051608204841614, 4.686000347137451]
12, [-1.1605224609375, 0.0761406347155571, 4.910250186920166]
14, [-1.3739218711853027, -0.8127228617668152, 4.893250465393066]
1, [-1.4619439840316772, -0.6850139498710632, 4.87600040435791]
2, [-1.3548016548156738, -0.6508669257164001, 4.828000068664551]
3, [-1.2205986976623535, -0.6107832193374634, 4.772000312805176]
8, [-1.4492602348327637, -0.16344566643238068, 4.731750011444092]
9, [-1.0878335237503052, 0.04974532499909401, 5.007500171661377]
11, [-1.5082979202270508, -0.1635129302740097, 4.732250213623047]
12, [-1.7127864360809326, 0.257185697555542, 4.7935004234313965]
2, [-1.2080296277999878, -0.7124347686767578, 4.849000453948975]
3, [-1.1914492845535278, -0.40467825531959534, 4.788000106811523]
4, [-1.1192294359207153, -0.2473589926958084, 4.735000133514404]
8, [-1.2359566688537598, -0.1895965039730072, 4.733250141143799]
3, [-1.0163286924362183, -0.7535393834114075, 4.949250221252441]
8, [-1.0974596738815308, -0.22307679057121277, 4.7795000076293945]
9, [-1.0912103652954102, 0.14920228719711304, 5.183000087738037]
16, [-1.3226057291030884, -0.8785315752029419, 4.926750183105469]
2, [-1.103400707244873, -0.7528332471847534, 4.941250324249268]
5, [-1.4353249073028564, -0.7012929916381836, 4.994000434875488]
8, [-1.0357025861740112, -0.22238759696483612, 4.767000198364258]
9, [-1.1248573064804077, 0.17782887816429138, 5.177000045776367]
11, [-1.2260078191757202, -0.22418312728405, 4.798500061035156]
1, [-1.2365586757659912, -0.6961289644241333, 4.964250087738037]
8, [-1.101676344871521, -0.16534408926963806, 4.798250198364258]
11, [-0.9847322106361389, -0.1920967996120453, 4.805500030517578]
12, [-1.0854356288909912, 0.1403062641620636, 4.87000036239624]
16, [-1.2061938047409058, -0.852729320526123, 4.9735002517700195]
2, [-1.0499604940414429, -0.697127103805542, 4.978750228881836]
5, [-1.3331401348114014, -0.6697705984115601, 4.970500469207764]
8, [-0.8730148077011108, -0.22695663571357727, 4.872000217437744]
9, [-1.105366587638855, 0.19754692912101746, 4.8132500648498535]
11, [-0.9912018775939941, -0.16654305160045624, 4.837250232696533]
13, [-0.9431421756744385, 0.6059686541557312, 5.2542500495910645]
5, [-1.2651466131210327, -0.6660881638526917, 4.945500373840332]
8, [-0.7866450548171997, -0.19596870243549347, 4.910250186920166]
9, [-1.0795427560806274, 0.2443053126335144, 5.126500129699707]
11, [-0.8755701780319214, -0.16809587180614471, 4.886750221252441]
12, [-1.0800316333770752, 0.21027135848999023, 5.1292500495910645]
1, [-1.043959379196167, -0.6656558513641357, 4.951000213623047]
5, [-1.1859945058822632, -0.6588739156723022, 4.894500255584717]
8, [-0.7304592132568359, -0.1969650387763977, 4.937250137329102]
10, [-0.48727691173553467, 0.26310816407203674, 4.971500396728516]
11, [-0.8494608998298645, -0.16938135027885437, 4.925250053405762]
12, [-1.1163928508758545, 0.2449142336845398, 5.1372504234313965]
16, [-0.995654284954071, -0.8297924995422363, 5.0107502937316895]
1, [-0.9464479684829712, -0.6300815343856812, 4.935250282287598]
2, [-0.8628029823303223, -0.6371513605117798, 4.994250297546387]
6, [-0.7651128172874451, -0.35068368911743164, 4.946000099182129]
8, [-0.7977846264839172, -0.17119379341602325, 4.980000019073486]
9, [-1.1078550815582275, 0.17514100670814514, 5.098750114440918]
11, [-0.772196352481842, -0.17164376378059387, 4.994000434875488]
2, [-0.7706620693206787, -0.6012560129165649, 4.976250171661377]
3, [-0.7050341367721558, -0.3866373300552368, 4.988000392913818]
6, [-0.7686020731925964, -0.32479411363601685, 4.969000339508057]
7, [-0.5888783931732178, -0.26214390993118286, 5.0400004386901855]
8, [-0.6464908123016357, -0.17206591367721558, 5.010250091552734]
11, [-0.8119446039199829, -0.10693671554327011, 5.068750381469727]
1, [-0.8340247273445129, -0.5091777443885803, 4.992250442504883]
5, [-0.801118791103363, -0.5093812942504883, 4.995500087738037]
6, [-0.5571469068527222, -0.3299645781517029, 5.055500030517578]
8, [-0.818099319934845, -0.07949412614107132, 5.107250213623047]
11, [-0.6197198033332825, -0.10675043612718582, 5.0647501945495605]
12, [-0.46516942977905273, 0.2693859040737152, 5.091250419616699]
2, [-0.9408456087112427, -0.570171058177948, 5.24500036239624]
5, [-0.7631955742835999, -0.6563770771026611, 5.149500370025635]
6, [-0.5896971821784973, -0.35728341341018677, 5.0455002784729]
8, [-0.7566670179367065, -0.10787773132324219, 5.115000247955322]
11, [-0.5622701048851013, -0.14137575030326843, 5.104250431060791]
12, [-0.440132737159729, 0.24297241866588593, 5.128500461578369]
2, [-0.7938489317893982, -0.5909613966941833, 5.126750469207764]
6, [-0.531772255897522, -0.4269562363624573, 5.079000473022461]
7, [-0.43964675068855286, -0.2380010187625885, 5.124000072479248]
8, [-0.725005567073822, -0.14227698743343353, 5.132500171661377]
11, [-0.5338696837425232, -0.1413290798664093, 5.103250026702881]
12, [-0.40981295704841614, 0.21088038384914398, 5.176250457763672]
17, [-0.7634581923484802, -0.7820846438407898, 5.147250175476074]
1, [-0.6587575078010559, -0.6152806878089905, 5.096750259399414]
8, [-0.6902891397476196, -0.14099334180355072, 5.087000370025635]
11, [-0.4701184928417206, -0.17661342024803162, 5.147750377655029]
12, [-0.3498428761959076, 0.17806656658649445, 5.221500396728516]
1, [-0.5916866064071655, -0.6101610064506531, 5.056250095367432]
5, [-0.4658879041671753, -0.6478230357170105, 5.091000080108643]
6, [-0.3137069046497345, -0.5277329683303833, 5.190250396728516]
8, [-0.6556844711303711, -0.1745128482580185, 5.081500053405762]
10, [-1.0143524408340454, 0.545654833316803, 5.2900004386901855]
11, [-0.4388180375099182, -0.17546814680099487, 5.115000247955322]
12, [-0.3190695345401764, 0.18021009862422943, 5.285250186920166]
13, [-0.26569825410842896, 0.6009922027587891, 5.499250411987305]
14, [-0.5899683833122253, -0.7299534678459167, 4.808000087738037]
15, [-0.5607326030731201, -0.7583884000778198, 4.7855000495910645]
1, [-0.5320236682891846, -0.6460410952568054, 5.075250148773193]
2, [-0.5936248302459717, -0.6458195447921753, 5.071750164031982]
3, [-0.5565036535263062, -0.39093610644340515, 5.048500061035156]
5, [-0.43863093852996826, -0.6491686701774597, 5.102250099182129]
8, [-0.5931185483932495, -0.20234623551368713, 5.077000141143799]
9, [-0.5996894836425781, 0.20937013626098633, 5.1322503089904785]
11, [-0.4352593719959259, -0.2020368129014969, 5.0732502937316895]
12, [-0.2928920090198517, 0.11726853996515274, 5.341000080108643]
1, [-0.502366304397583, -0.7474539875984192, 5.11400032043457]
2, [-0.6445668339729309, -0.768430769443512, 5.254000186920166]
3, [-0.5334903001785278, -0.4564785659313202, 5.09475040435791]
5, [-0.40418997406959534, -0.7439500689506531, 5.092250347137451]
8, [-0.5628455877304077, -0.26564234495162964, 5.108250141143799]
9, [-0.5654957890510559, 0.17528794705867767, 5.132500171661377]
11, [-0.40159106254577637, -0.23559726774692535, 5.073000431060791]
12, [-0.3245924413204193, 0.11808658391237259, 5.377500057220459]
1, [-0.5469112396240234, -0.7910125851631165, 5.212750434875488]
2, [-0.441478967666626, -0.7782127857208252, 5.1307501792907715]
3, [-0.43538978695869446, -0.4540601372718811, 5.070250034332275]
5, [-0.6148016452789307, -0.7966647744178772, 5.248250484466553]
8, [-0.5008477568626404, -0.26571017503738403, 5.111250400543213]
9, [-0.5048431754112244, 0.17587892711162567, 5.152250289916992]
11, [-0.4011658728122711, -0.2633039951324463, 5.0672502517700195]
12, [-0.35758131742477417, 0.11723539978265762, 5.337750434875488]
13, [-0.3012752830982208, 0.562882661819458, 5.483750343322754]
1, [-0.509003221988678, -0.8547412157058716, 5.177750110626221]
6, [-0.25159722566604614, -0.9205261468887329, 5.195500373840332]
8, [-0.4660183787345886, -0.3327479958534241, 5.10075044631958]
9, [-0.4430505931377411, 0.11349479109048843, 5.164250373840332]
11, [-0.3689437210559845, -0.3316097557544708, 5.085500240325928]
12, [-0.37432003021240234, 0.11338883638381958, 5.161750316619873]
2, [-0.3115188777446747, -0.9106763005256653, 5.139000415802002]
8, [-0.34111154079437256, -0.3318500816822052, 5.089750289916992]
9, [-0.3743462562561035, 0.1475677341222763, 5.161750316619873]
10, [-0.3473004102706909, 0.5656253099441528, 5.173750400543213]
11, [-0.4724366068840027, -0.33733078837394714, 5.1710004806518555]
13, [-0.3762553930282593, 0.5661616325378418, 5.178000450134277]
1, [-0.4121454954147339, -0.8561553955078125, 5.18850040435791]
2, [-0.2524256408214569, -0.8889851570129395, 5.214250087738037]
3, [-0.21517129242420197, -0.5935308337211609, 5.164000034332275]
8, [-0.24715574085712433, -0.3339758515357971, 5.124000072479248]
9, [-0.28263020515441895, 0.14726325869560242, 5.153500080108643]
11, [-0.44638216495513916, -0.33924177289009094, 5.201000213623047]
1, [-0.4143299162387848, -0.8606931567192078, 5.216000080108643]
3, [-0.18756423890590668, -0.596450686454773, 5.1897501945495605]
5, [-0.5459669828414917, -0.7896468043327332, 5.203750133514404]
8, [-0.2141122817993164, -0.33536282181739807, 5.145750045776367]
9, [-0.18631142377853394, 0.14752358198165894, 5.1645002365112305]
10, [-0.1510864794254303, 0.5252946615219116, 5.119500160217285]
11, [-0.44746842980384827, -0.30553948879241943, 5.214250087738037]
1, [-0.3801632225513458, -0.8618179559707642, 5.2235002517700195]
3, [-0.1545717418193817, -0.5672561526298523, 5.23900032043457]
5, [-0.5145816206932068, -0.7945952415466309, 5.237250328063965]
6, [-0.7050158977508545, -0.7869774699211121, 5.181500434875488]
8, [-0.18574529886245728, -0.3354053497314453, 5.146750450134277]
9, [-0.1522943675518036, 0.11347495019435883, 5.170750141143799]
11, [-0.377677857875824, -0.304995596408844, 5.206500053405762]
1, [-0.31375497579574585, -0.8199023008346558, 5.18025016784668]
2, [-0.19367660582065582, -0.8463699817657471, 5.349250316619873]
3, [-0.12070843577384949, -0.571283221244812, 5.276500225067139]
5, [-0.4775466024875641, -0.7909026741981506, 5.21375036239624]
8, [-0.15299299359321594, -0.3669396638870239, 5.191250324249268]
9, [-0.11813617497682571, 0.11352580040693283, 5.173500061035156]
11, [-0.3483998775482178, -0.3389405608177185, 5.198500156402588]
3, [-0.12082281708717346, -0.5718246102333069, 5.281500339508057]
5, [-0.44741615653038025, -0.7886785268783569, 5.1997504234313965]
8, [-0.09048236906528473, -0.3689531981945038, 5.220250129699707]
9, [-0.09009314328432083, 0.11413383483886719, 5.201500415802002]
11, [-0.2860316336154938, -0.30534982681274414, 5.214250087738037]
12, [-0.2227431833744049, 0.15298669040203094, 5.355250358581543]
2, [-0.1577432006597519, -0.844099223613739, 5.335250377655029]
5, [-0.4100739061832428, -0.783332884311676, 5.165250301361084]
8, [-0.05604900047183037, -0.3409236669540405, 5.232500076293945]
9, [-0.05564916133880615, 0.1484464854001999, 5.1982502937316895]
11, [-0.25145357847213745, -0.3052893877029419, 5.21375036239624]
12, [-0.1931837797164917, 0.15296518802642822, 5.355000019073486]
3, [-0.09183614701032639, -0.5729117393493652, 5.291750431060791]
8, [-0.05643729865550995, -0.34328553080558777, 5.268750190734863]
9, [-0.027241507545113564, 0.11513421684503555, 5.247500419616699]
11, [-0.2524663805961609, -0.3065190315246582, 5.234750270843506]
12, [-0.19335514307022095, 0.1531008780002594, 5.359750270843506]
16, [-0.2551875412464142, -0.9977248907089233, 5.266500473022461]
1, [-0.2845677435398102, -0.7841224074363708, 5.172750473022461]
2, [-0.12309616804122925, -0.8138367533683777, 5.370750427246094]
3, [-0.05701639503240585, -0.575326681137085, 5.314250469207764]
8, [-0.027328500524163246, -0.34264296293258667, 5.259000301361084]
9, [-0.027267463505268097, 0.11524391174316406, 5.252500057220459]
11, [-0.21889032423496246, -0.3080427348613739, 5.261250019073486]
12, [-0.1949785351753235, 0.15438631176948547, 5.404750347137451]
2, [-0.09340821951627731, -0.8139196634292603, 5.371500492095947]
3, [-0.02795988880097866, -0.5457677245140076, 5.370750427246094]
8, [-0.02742333710193634, -0.34383201599121094, 5.277250289916992]
9, [-0.02724929340183735, 0.11516711860895157, 5.249000072479248]
11, [-0.21812064945697784, -0.3069595694541931, 5.24275016784668]
12, [-0.19463582336902618, 0.15411493182182312, 5.39525032043457]
1, [-0.18834064900875092, -0.7598559856414795, 5.204750061035156]
2, [-0.09263437986373901, -0.8071767687797546, 5.327000141143799]
3, [-0.02809263952076435, -0.5483589768409729, 5.396250247955322]
8, [0.007532287854701281, -0.3452766239643097, 5.299500465393066]
9, [-0.02753741294145584, 0.1163848340511322, 5.304500102996826]
11, [-0.21980562806129456, -0.3093308210372925, 5.283250331878662]
12, [-0.19547457993030548, 0.1547790765762329, 5.4185004234313965]
2, [-0.05798927694559097, -0.8170353174209595, 5.392250061035156]
3, [0.0437251478433609, -0.5525921583175659, 5.438000202178955]
5, [-0.2888469099998474, -0.7669086456298828, 5.251750469207764]
6, [-0.3703016936779022, -0.5186528563499451, 5.09975004196167]
8, [0.007564622908830643, -0.3467588424682617, 5.3222503662109375]
9, [-0.027713917195796967, 0.1171308159828186, 5.338500022888184]
11, [-0.19161199033260345, -0.31087610125541687, 5.310000419616699]
12, [-0.19477446377277374, 0.11850710958242416, 5.399500370025635]
1, [-0.15640433132648468, -0.772688090801239, 5.293000221252441]
3, [0.04322059452533722, -0.5462157130241394, 5.375250339508057]
8, [0.042801640927791595, -0.34688836336135864, 5.324250221252441]
9, [-0.027790488675236702, 0.11745444685220718, 5.353250026702881]
11, [-0.19187359511852264, -0.3113005459308624, 5.3172502517700195]
12, [-0.19606079161167145, 0.15524324774742126, 5.434750080108643]
1, [-0.12190002202987671, -0.7765862941741943, 5.320000171661377]
2, [0.007599436212331057, -0.8170068860054016, 5.392250061035156]
3, [0.04327687993645668, -0.5469270348548889, 5.3822503089904785]
5, [-0.22145240008831024, -0.804325520992279, 5.307000160217285]
8, [0.042852744460105896, -0.31201547384262085, 5.330750465393066]
9, [0.007727218326181173, 0.11906515806913376, 5.426750183105469]
11, [-0.15690892934799194, -0.3117618262767792, 5.32550048828125]
1, [-0.057680096477270126, -0.81267911195755, 5.363500118255615]
3, [0.10912176966667175, -0.5195507407188416, 5.4070000648498535]
5, [-0.22241216897964478, -0.807811439037323, 5.330000400543213]
8, [0.04288288950920105, -0.3122349679470062, 5.334500312805176]
9, [0.007746515329927206, 0.15537206828594208, 5.441000461578369]
11, [-0.1570046842098236, -0.31195205450057983, 5.328750133514404]
13, [-0.1255692094564438, 0.5327408909797668, 5.488750457763672]
1, [-0.05762898549437523, -0.8473541736602783, 5.356500148773193]
2, [0.07390081882476807, -0.8612079620361328, 5.444250106811523]
5, [-0.2225373387336731, -0.8082660436630249, 5.333000183105469]
8, [0.07305388897657394, -0.31550028920173645, 5.390250205993652]
11, [-0.15729932487010956, -0.3125374913215637, 5.33875036239624]
12, [-0.16006027162075043, 0.1552068442106247, 5.434000492095947]
1, [-0.028074264526367188, -0.8494328260421753, 5.369750022888184]
2, [0.10976797342300415, -0.8591663837432861, 5.431250095367432]
3, [0.17555005848407745, -0.6897552609443665, 5.426750183105469]
8, [0.042840685695409775, -0.3119276762008667, 5.329250335693359]
9, [0.0760454460978508, 0.08600899577140808, 5.61175012588501]
11, [-0.1574540138244629, -0.312844842672348, 5.344000339508057]
12, [-0.12469549477100372, 0.11982913315296173, 5.460750102996826]
2, [0.17604194581508636, -0.8601279258728027, 5.437000274658203]
5, [-0.19544166326522827, -0.8540832996368408, 5.398000240325928]
8, [0.10865583270788193, -0.35095345973968506, 5.386500358581543]
9, [0.1509523242712021, 0.05533181503415108, 5.636500358581543]
11, [-0.12294507771730423, -0.35064223408699036, 5.381250381469727]
12, [-0.1245071142911911, 0.11964809894561768, 5.452500343322754]
1, [-0.028225883841514587, -0.854020357131958, 5.398750305175781]
2, [0.17418017983436584, -0.851031482219696, 5.379500389099121]
8, [0.14360514283180237, -0.3137894570827484, 5.360750198364258]
9, [0.15101714432239532, 0.08643166720867157, 5.638750076293945]
11, [-0.12317892163991928, -0.3156511187553406, 5.392250061035156]
12, [-0.12573449313640594, 0.1208275780081749, 5.506250381469727]
1, [0.0075654699467122555, -0.849974513053894, 5.373250484466553]
8, [0.14362524449825287, -0.3138333857059479, 5.361500263214111]
9, [0.18199510872364044, 0.08638377487659454, 5.635250091552734]
11, [-0.09391853958368301, -0.35310429334640503, 5.41925048828125]
12, [-0.09598647803068161, 0.12159976363182068, 5.541750431060791]
1, [0.04347405955195427, -0.7889066934585571, 5.40500020980835]
8, [0.14525501430034637, -0.28152191638946533, 5.422750473022461]
9, [0.18292702734470367, 0.16175074875354767, 5.6635003089904785]
11, [-0.09524291008710861, -0.3217410445213318, 5.496500492095947]
16, [0.1467692106962204, -1.0040644407272339, 5.462500095367432]
1, [0.07439887523651123, -0.7637630701065063, 5.4830002784729]
5, [-0.09546999633312225, -0.7652770280838013, 5.493500232696533]
8, [0.17608033120632172, -0.2529580593109131, 5.451500415802002]
9, [0.2232513278722763, 0.16384905576705933, 5.736500263214111]
11, [-0.028437837958335876, -0.2842233180999756, 5.475000381469727]
1, [0.07385611534118652, -0.7581912279129028, 5.443000316619873]
8, [0.1760779470205307, -0.21689647436141968, 5.4517502784729]
9, [0.22479219734668732, 0.19682277739048004, 5.775750160217285]
11, [-0.028467491269111633, -0.2181050181388855, 5.482500076293945]
1, [0.10960879921913147, -0.7258269786834717, 5.426750183105469]
4, [0.6037931442260742, -0.37814652919769287, 5.342750072479248]
8, [0.21141980588436127, -0.18620726466178894, 5.433000087738037]
9, [0.25946611166000366, 0.19899368286132812, 5.839000225067139]
11, [0.00785985216498375, -0.18924246728420258, 5.522250175476074]
12, [0.008077148348093033, 0.1933116614818573, 5.674000263214111]
1, [0.10907149314880371, -0.6864380240440369, 5.401000022888184]
2, [0.1735524982213974, -0.6819067001342773, 5.365000247955322]
3, [0.37261539697647095, -0.4772653579711914, 5.332500457763672]
8, [0.21339470148086548, -0.1879466474056244, 5.483750343322754]
9, [0.2977336645126343, 0.19875115156173706, 5.831250190734863]
11, [0.007861275225877762, -0.18927673995494843, 5.523250102996826]
12, [0.04565237835049629, 0.19346512854099274, 5.678500175476074]
16, [0.14645186066627502, -0.8629478812217712, 5.455000400543213]
1, [0.1091674268245697, -0.6870417594909668, 5.405750274658203]
2, [0.14496362209320068, -0.6868719458580017, 5.404250144958496]
8, [0.21307364106178284, -0.18766388297080994, 5.475500106811523]
9, [0.2969294786453247, 0.1982143372297287, 5.815500259399414]
11, [0.007887250743806362, -0.1899021416902542, 5.541500091552734]
12, [0.045580025762319565, 0.19315850734710693, 5.669500350952148]
1, [0.10922295600175858, -0.6873912215232849, 5.4085001945495605]
2, [0.14453443884849548, -0.6848383545875549, 5.388250350952148]
8, [0.21218834817409515, -0.18688416481018066, 5.452750205993652]
9, [0.29759323596954346, 0.19865742325782776, 5.828500270843506]
11, [0.044503871351480484, -0.1897301822900772, 5.536500453948975]
12, [0.04574483260512352, 0.19385692477226257, 5.690000057220459]
1, [0.10897557437419891, -0.6858343482017517, 5.396250247955322]
2, [0.14482279121875763, -0.6862046718597412, 5.39900016784668]
8, [0.17684581875801086, -0.18766359984874725, 5.47575044631958]
9, [0.2982569932937622, 0.199100524187088, 5.841500282287598]
11, [0.044580236077308655, -0.1900557279586792, 5.5460004806518555]
12, [0.04573679342865944, 0.19382286071777344, 5.689000129699707]
1, [0.10855148732662201, -0.6831653714179993, 5.375250339508057]
2, [0.16971352696418762, -0.6320382952690125, 5.247250080108643]
5, [0.007735110819339752, -0.6953824758529663, 5.471500396728516]
8, [0.1764744073152542, -0.18726946413516998, 5.464250087738037]
9, [0.29437655210494995, 0.19651013612747192, 5.765500068664551]
11, [0.043760329484939575, -0.18656028807163239, 5.444000244140625]
12, [0.04583527892827988, 0.19424021244049072, 5.701250076293945]
16, [0.14443829655647278, -0.8510832786560059, 5.380000114440918]
2, [0.16987280547618866, -0.6674486994743347, 5.251250267028809]
4, [0.34466713666915894, -0.283210813999176, 5.453250408172607]
5, [0.007804029155522585, -0.7015781998634338, 5.52025032043457]
9, [0.296252965927124, 0.19776272773742676, 5.802250385284424]
11, [0.04424304515123367, -0.21895650029182434, 5.504000186920166]
12, [0.04553982615470886, 0.19298815727233887, 5.6645002365112305]
1, [0.10733363032341003, -0.6402474045753479, 5.3157501220703125]
2, [0.20463663339614868, -0.6324927806854248, 5.2507500648498535]
3, [0.2401590347290039, -0.3819175958633423, 5.403000354766846]
5, [0.007825772278010845, -0.6662176251411438, 5.531500339508057]
8, [0.2111084908246994, -0.18593308329582214, 5.425000190734863]
9, [0.2925129532814026, 0.19526608288288116, 5.729000091552734]
11, [0.044128499925136566, -0.218389630317688, 5.489750385284424]
12, [0.04508358612656593, 0.19105470180511475, 5.607750415802002]
1, [0.10557276755571365, -0.6644188761711121, 5.227750301361084]
2, [0.20572789013385773, -0.6358656287193298, 5.278750419616699]
3, [0.20934925973415375, -0.3800947666168213, 5.377500057220459]
4, [0.21101045608520508, -0.21573343873023987, 5.422250270843506]
5, [0.04300340265035629, -0.6795894503593445, 5.347250461578369]
8, [0.21112795174121857, -0.18595023453235626, 5.425500392913818]
9, [0.29331713914871216, 0.19580291211605072, 5.744750499725342]
12, [0.045236337929964066, 0.19170202314853668, 5.626750469207764]
14, [0.20902974903583527, -0.8831536769866943, 5.356250286102295]
16, [0.17315638065338135, -0.8815456628799438, 5.346750259399414]
3, [0.2102362960577011, -0.35192418098449707, 5.400750160217285]
4, [0.2110750824213028, -0.2815721333026886, 5.423250198364258]
5, [0.007671447936445475, -0.7263458967208862, 5.430750370025635]
8, [0.21037887036800385, -0.18529047071933746, 5.406250476837158]
9, [0.29001110792160034, 0.1935959905385971, 5.680000305175781]
12, [0.044875167310237885, 0.1593986600637436, 5.582000255584717]
16, [0.1758362501859665, -0.8951890468597412, 5.429500102996826]
1, [0.10609783232212067, -0.6677233576774597, 5.253750324249268]
2, [0.2028711438179016, -0.661540687084198, 5.204500198364258]
3, [0.20903781056404114, -0.37952932715415955, 5.369500160217285]
5, [0.007768916431814432, -0.7355744242668152, 5.499750137329102]
8, [0.17499686777591705, -0.18570153415203094, 5.4185004234313965]
9, [0.2881857752799988, 0.1923774927854538, 5.644250392913818]
12, [0.04472443088889122, 0.15886323153972626, 5.5632500648498535]
16, [0.17365026473999023, -0.8840600848197937, 5.362000465393066]
1, [0.10615421086549759, -0.732016921043396, 5.255000114440918]
2, [0.17030838131904602, -0.7040706276893616, 5.263750076293945]
3, [0.1726079136133194, -0.41294386982917786, 5.341750144958496]
5, [0.04358261451125145, -0.7247721552848816, 5.419000148773193]
6, [0.041065629571676254, -0.39483654499053955, 5.1080002784729]
8, [0.2097943276166916, -0.2144901156425476, 5.391000270843506]
9, [0.28569668531417847, 0.19071590900421143, 5.595500469207764]
12, [0.007826599292457104, 0.1569783240556717, 5.497250080108643]
1, [0.1049632877111435, -0.6950645446777344, 5.196750164031982]
2, [0.20586301386356354, -0.7063135504722595, 5.280250072479248]
3, [0.17273449897766113, -0.3778657913208008, 5.346250057220459]
5, [0.042565230280160904, -0.7078531980514526, 5.292500019073486]
8, [0.20927870273590088, -0.21396294236183167, 5.377750396728516]
9, [0.28614342212677, 0.1910141408443451, 5.604250431060791]
12, [0.00782874133437872, 0.18736650049686432, 5.499500274658203]
16, [0.17626461386680603, -0.9275025725364685, 5.4417500495910645]
2, [0.20476166903972626, -0.6677055358886719, 5.253000259399414]
3, [0.20686744153499603, -0.3755887746810913, 5.313750267028809]
4, [0.20847433805465698, -0.2485741674900055, 5.35675048828125]
8, [0.17369693517684937, -0.18432208895683289, 5.3782501220703125]
9, [0.2860157787799835, 0.19092893600463867, 5.601750373840332]
10, [0.3272600769996643, 0.581458330154419, 5.665500164031982]
12, [0.007812726311385632, 0.18698321282863617, 5.488250255584717]
16, [0.17308218777179718, -0.9107567071914673, 5.343500137329102]
1, [0.10644783079624176, -0.7048951387405396, 5.27025032043457]
2, [0.23727604746818542, -0.6776866912841797, 5.331250190734863]
5, [0.042943231761455536, -0.7141393423080444, 5.339500427246094]
8, [0.1726311594247818, -0.18319112062454224, 5.345250129699707]
9, [0.2837054133415222, 0.18938663601875305, 5.556500434875488]
10, [0.32797449827194214, 0.6203767657279968, 5.676750183105469]
11, [0.00775235565379262, -0.21671946346759796, 5.447750091552734]
12, [0.007769308518618345, 0.1859440952539444, 5.45775032043457]
14, [0.23712430894374847, -0.9422666430473328, 5.319250106811523]
16, [0.20828820765018463, -0.909563422203064, 5.336250305175781]
1, [0.13934151828289032, -0.6946840882301331, 5.193750381469727]
2, [0.20406979322433472, -0.6654493808746338, 5.235250473022461]
3, [0.17163598537445068, -0.37546271085739136, 5.312250137329102]
5, [0.07224395871162415, -0.7121714353561401, 5.3247504234313965]
8, [0.20816075801849365, -0.18333688378334045, 5.349250316619873]
9, [0.2848542034626007, 0.19015352427959442, 5.579000473022461]
10, [0.3266600966453552, 0.6178905963897705, 5.654000282287598]
11, [0.043841131031513214, -0.21696744859218597, 5.454000473022461]
12, [0.007815217599272728, 0.18704283237457275, 5.490000247955322]
16, [0.17289341986179352, -0.9452359676361084, 5.33650016784668]
1, [0.16932155191898346, -0.69999098777771, 5.233250141143799]
2, [0.16932155191898346, -0.69999098777771, 5.233250141143799]
9, [0.3176819086074829, 0.18773990869522095, 5.507500171661377]
10, [0.3245513141155243, 0.6139017343521118, 5.617500305175781]
11, [0.043628111481666565, -0.21591323614120483, 5.427500247955322]
12, [0.044069234281778336, 0.15653593838214874, 5.48175048828125]
14, [0.23915264010429382, -0.950326681137085, 5.364750385284424]
16, [0.1723129004240036, -0.9067087173461914, 5.3197503089904785]
1, [0.17012234032154083, -0.7033015489578247, 5.258000373840332]
2, [0.20137947797775269, -0.6909306049346924, 5.165250301361084]
3, [0.16747015714645386, -0.40065237879753113, 5.182750225067139]
4, [0.1992773860692978, -0.2037377655506134, 5.120750427246094]
9, [0.31788378953933716, 0.18785922229290009, 5.511000156402588]
10, [0.3230491578578949, 0.6110603213310242, 5.591500282287598]
11, [0.043632134795188904, -0.21593312919139862, 5.428000450134277]
12, [0.044356636703014374, 0.15755680203437805, 5.517500400543213]
14, [0.2765326499938965, -0.9563669562339783, 5.398500442504883]
1, [0.1724143922328949, -0.7422323226928711, 5.328000068664551]
3, [0.16807180643081665, -0.4365198612213135, 5.200750350952148]
5, [0.10792176425457001, -0.7442055940628052, 5.34250020980835]
8, [0.2065448760986328, -0.21116793155670166, 5.30750036239624]
9, [0.3167569041252136, 0.22353370487689972, 5.491000175476074]
10, [0.3224136233329773, 0.6098582148551941, 5.58050012588501]
11, [0.07340282201766968, -0.25131329894065857, 5.416500091552734]
12, [0.04409535974264145, 0.15662874281406403, 5.485000133514404]
2, [0.23270361125469208, -0.6992931962013245, 5.2275004386901855]
3, [0.23178057372570038, -0.4376159906387329, 5.213250160217285]
4, [0.27211084961891174, -0.21208824217319489, 5.330000400543213]
8, [0.207011878490448, -0.21164536476135254, 5.31950044631958]
9, [0.31775403022766113, 0.18778254091739655, 5.5087504386901855]
10, [0.3240024447441101, 0.6128635406494141, 5.6080002784729]
11, [0.07363320887088776, -0.2521020770072937, 5.433500289916992]
1, [0.20587725937366486, -0.7355479001998901, 5.279750347137451]
2, [0.20504428446292877, -0.7035045027732849, 5.259250164031982]
3, [0.20167885720729828, -0.43473854660987854, 5.179250240325928]
5, [0.17147596180438995, -0.7381924390792847, 5.299000263214111]
6, [0.27357974648475647, -0.5441293716430664, 5.353250026702881]
8, [0.23893217742443085, -0.21396353840827942, 5.377500057220459]
9, [0.316643625497818, 0.18712632358074188, 5.489500045776367]
10, [0.325302392244339, 0.6153224110603333, 5.630500316619873]
11, [0.10946644097566605, -0.25183993577957153, 5.427750110626221]
12, [0.07448674738407135, 0.15695226192474365, 5.496250152587891]
16, [0.2733301818370819, -0.9098361134529114, 5.337250232696533]
1, [0.205818772315979, -0.7353389263153076, 5.278250217437744]
3, [0.26518452167510986, -0.43578091263771057, 5.191000461578369]
6, [0.2033173143863678, -0.4670756459236145, 5.220750331878662]
8, [0.23812130093574524, -0.21323738992214203, 5.359250068664551]
9, [0.3180692493915558, 0.22445982694625854, 5.513750076293945]
10, [0.3237834572792053, 0.643424928188324, 5.603250503540039]
11, [0.14546644687652588, -0.21607385575771332, 5.431250095367432]
12, [0.07456471025943756, 0.18744584918022156, 5.501750469207764]
1, [0.2052338719367981, -0.7332492470741272, 5.263250350952148]
2, [0.23413923382759094, -0.7036073207855225, 5.2597503662109375]
3, [0.2646736800670624, -0.4349414110183716, 5.181000232696533]
5, [0.17162157595157623, -0.7388193011283875, 5.303500175476074]
6, [0.3777376115322113, -0.5196295380592346, 5.40500020980835]
8, [0.2382546067237854, -0.21335677802562714, 5.362250328063965]
9, [0.31726163625717163, 0.22388990223407745, 5.499750137329102]
10, [0.3245491087436676, 0.6449464559555054, 5.616500377655029]
11, [0.14555348455905914, -0.21620315313339233, 5.434500217437744]
12, [0.11181357502937317, 0.18888278305530548, 5.543750286102295]
2, [0.2331710308790207, -0.7006977796554565, 5.238000392913818]
3, [0.26513344049453735, -0.43569692969322205, 5.190000057220459]
5, [0.20619894564151764, -0.736697256565094, 5.288000106811523]
6, [0.37467700242996216, -0.545014500617981, 5.360500335693359]
8, [0.2741529643535614, -0.21367989480495453, 5.37000036239624]
9, [0.3188336193561554, 0.22499923408031464, 5.527000427246094]
10, [0.32330670952796936, 0.6424775719642639, 5.595000267028809]
11, [0.17479410767555237, -0.21531502902507782, 5.4120001792907715]
12, [0.14874441921710968, 0.18920713663101196, 5.553000450134277]
3, [0.2985769212245941, -0.43434938788414, 5.173500061035156]
5, [0.20641343295574188, -0.7374635338783264, 5.2935004234313965]
6, [0.4097529351711273, -0.5444172024726868, 5.354000091552734]
8, [0.27539098262786865, -0.21464484930038452, 5.394250392913818]
9, [0.3171174228191376, 0.22378812730312347, 5.497250080108643]
10, [0.3259214758872986, 0.6476736664772034, 5.640250205993652]
11, [0.20968732237815857, -0.21438069641590118, 5.388250350952148]
12, [0.18046660721302032, 0.1903756558895111, 5.587000370025635]
16, [0.23851743340492249, -0.9122480750083923, 5.351750373840332]
1, [0.23712800443172455, -0.7420286536216736, 5.326000213623047]
2, [0.23583081364631653, -0.7086907029151917, 5.297750473022461]
6, [0.32897841930389404, -0.5286653637886047, 5.200250148773193]
8, [0.27526336908340454, -0.2145453691482544, 5.391750335693359]
10, [0.3245924413204193, 0.6450325846672058, 5.617250442504883]
11, [0.23990969359874725, -0.214838907122612, 5.399500370025635]
12, [0.21801038086414337, 0.1908847838640213, 5.601500034332275]
16, [0.2749689817428589, -0.9152911305427551, 5.369250297546387]
1, [0.2702077031135559, -0.73591548204422, 5.281750202178955]
2, [0.23888665437698364, -0.7475319504737854, 5.365500450134277]
5, [0.27483153343200684, -0.7841442823410034, 5.371000289916992]
8, [0.275071918964386, -0.2143961489200592, 5.38800048828125]
9, [0.28593918681144714, 0.1908777952194214, 5.600250244140625]
10, [0.32423126697540283, 0.6443148255348206, 5.611000061035156]
11, [0.275071918964386, -0.2143961489200592, 5.38800048828125]
12, [0.2186039239168167, 0.19140446186065674, 5.616750240325928]
16, [0.2749561667442322, -0.9152485132217407, 5.369000434875488]
1, [0.27312377095222473, -0.7438573837280273, 5.33875036239624]
2, [0.27312377095222473, -0.7438573837280273, 5.33875036239624]
5, [0.23866897821426392, -0.7824108600616455, 5.359500408172607]
8, [0.3104234039783478, -0.21418440341949463, 5.3822503089904785]
9, [0.3494146168231964, 0.2250651866197586, 5.528000354766846]
10, [0.32362452149391174, 0.6431090831756592, 5.600500106811523]
11, [0.2735067903995514, -0.24861615896224976, 5.357000350952148]
12, [0.21959637105464935, 0.19227343797683716, 5.642250061035156]
14, [0.37784042954444885, -0.9556180834770203, 5.39300012588501]
16, [0.272331565618515, -0.9065120220184326, 5.317750453948975]
1, [0.2685834467411041, -0.73149174451828, 5.250000476837158]
2, [0.30441907048225403, -0.7048191428184509, 5.26800012588501]
8, [0.3391723930835724, -0.21359342336654663, 5.367000102996826]
9, [0.3475973904132843, 0.22389467060565948, 5.499250411987305]
11, [0.3115047812461853, -0.21493054926395416, 5.401000022888184]
12, [0.28989142179489136, 0.1622096598148346, 5.678000450134277]
16, [0.30966493487358093, -0.9124623537063599, 5.352250099182129]
1, [0.30968743562698364, -0.7466351985931396, 5.358250141143799]
2, [0.30981117486953735, -0.7824916243553162, 5.359250068664551]
8, [0.339298814535141, -0.21367304027080536, 5.369000434875488]
9, [0.34800824522972107, 0.22415930032730103, 5.5057501792907715]
11, [0.339298814535141, -0.21367304027080536, 5.369000434875488]
12, [0.29029983282089233, 0.16243819892406464, 5.686000347137451]
2, [0.33845576643943787, -0.7802140712738037, 5.343250274658203]
8, [0.340657502412796, -0.2145286649465561, 5.390500068664551]
9, [0.38197121024131775, 0.18651193380355835, 5.470000267028809]
10, [0.32337895035743713, 0.6426210999488831, 5.596250057220459]
11, [0.340657502412796, -0.2145286649465561, 5.390500068664551]
12, [0.31834524869918823, 0.1881319284439087, 5.519000053405762]
16, [0.37727993726730347, -0.9542005658149719, 5.385000228881836]
0, [0.4472675025463104, -0.8974220752716064, 5.4397501945495605]
1, [0.34023573994636536, -0.7486778497695923, 5.372500419616699]
8, [0.3771817684173584, -0.21500758826732635, 5.402000427246094]
9, [0.3854604959487915, 0.22475242614746094, 5.519500255584717]
10, [0.3226710855960846, 0.6412144303321838, 5.584000110626221]
11, [0.3132120370864868, -0.2520364224910736, 5.43025016784668]
1, [0.3394757807254791, -0.7470055818557739, 5.360500335693359]
2, [0.4082656800746918, -0.7781133651733398, 5.327750205993652]
8, [0.37821164727211, -0.21559464931488037, 5.416750431060791]
9, [0.38596901297569275, 0.1884640008211136, 5.527250289916992]
11, [0.34193724393844604, -0.21533457934856415, 5.410750389099121]
12, [0.34925293922424316, 0.1579139232635498, 5.52625036239624]
16, [0.4176656901836395, -0.9648418426513672, 5.44450044631958]
1, [0.3425788879394531, -0.7538338899612427, 5.4095001220703125]
2, [0.4063882529735565, -0.7745351791381836, 5.303250312805176]
3, [0.6284310817718506, -0.5690194368362427, 5.247500419616699]
8, [0.37779271602630615, -0.21535584330558777, 5.410750389099121]
9, [0.3874528706073761, 0.18918855488300323, 5.548500061035156]
10, [0.32118314504623413, 0.6382575631141663, 5.558250427246094]
11, [0.34286004304885864, -0.25181207060813904, 5.425000190734863]
12, [0.34904754161834717, 0.15782105922698975, 5.523000240325928]
16, [0.45142698287963867, -0.9361566305160522, 5.489250183105469]
1, [0.37990352511405945, -0.7566971778869629, 5.429500102996826]
8, [0.41564953327178955, -0.2164141833782196, 5.436750411987305]
9, [0.3849913775920868, 0.18798664212226868, 5.513250350952148]
11, [0.34263885021209717, -0.2516495883464813, 5.421500205993652]
12, [0.3507223427295685, 0.1585783064365387, 5.549500465393066]
14, [0.5205395817756653, -0.9768458008766174, 5.510500431060791]
1, [0.37841665744781494, -0.7537356615066528, 5.408250331878662]
2, [0.44168761372566223, -0.749468982219696, 5.376500129699707]
8, [0.4137955605983734, -0.21544888615608215, 5.412500381469727]
10, [0.3232021927833557, 0.5742484927177429, 5.595250129699707]
11, [0.3445822596549988, -0.2530769407749176, 5.4522504806518555]
12, [0.3856485188007355, 0.15784625709056854, 5.523000240325928]
13, [0.3232021927833557, 0.5742484927177429, 5.595250129699707]
6, [0.5900676846504211, -0.5280067920684814, 5.487750053405762]
8, [0.41584065556526184, -0.21651369333267212, 5.439250469207764]
10, [0.3231804072856903, 0.5432961583137512, 5.595750331878662]
11, [0.3452458381652832, -0.2535642981529236, 5.462750434875488]
12, [0.38666099309921265, 0.15826067328453064, 5.537500381469727]
2, [0.5072970390319824, -0.749756395816803, 5.3772501945495605]
6, [0.25671809911727905, -0.5165551900863647, 5.773500442504883]
8, [0.4457364082336426, -0.21645528078079224, 5.437250137329102]
9, [0.4237925112247467, 0.15844565629959106, 5.543000221252441]
10, [0.3244790732860565, 0.6137650609016418, 5.616250038146973]
11, [0.38104677200317383, -0.25332313776016235, 5.457000255584717]
12, [0.5484375953674316, 0.16660445928573608, 5.825250148773193]
1, [0.45264914631843567, -0.8046277165412903, 5.5087504386901855]
2, [0.5477935075759888, -0.7563856244087219, 5.424000263214111]
8, [0.44899505376815796, -0.2180377095937729, 5.4770002365112305]
9, [0.4244041442871094, 0.15867432951927185, 5.551000118255615]
10, [0.3237713575363159, 0.6124263405799866, 5.604000091552734]
11, [0.44763046503067017, -0.25351637601852417, 5.460000038146973]
12, [0.5952602624893188, 0.16895313560962677, 5.906000137329102]
1, [0.4891292154788971, -0.76793372631073, 5.5082502365112305]
2, [0.5852769613265991, -0.7282167077064514, 5.437750339508057]
8, [0.48717060685157776, -0.21889141201972961, 5.497750282287598]
9, [0.42653295397758484, 0.19024363160133362, 5.578500270843506]
10, [0.3232513666152954, 0.6114428639411926, 5.595000267028809]
11, [0.48717060685157776, -0.21889141201972961, 5.497750282287598]
12, [0.6308096051216125, 0.1291155070066452, 5.872000217437744]
16, [0.5603117942810059, -0.9148346781730652, 5.54325008392334]
1, [0.5191184282302856, -0.7367974519729614, 5.503500461578369]
6, [0.29942455887794495, -0.4920479357242584, 5.861250400543213]
8, [0.48765796422958374, -0.2191103994846344, 5.5032501220703125]
9, [0.4274504780769348, 0.19065286219120026, 5.590500354766846]
10, [0.32382914423942566, 0.6125357151031494, 5.6050004959106445]
11, [0.48765796422958374, -0.2191103994846344, 5.5032501220703125]
12, [0.6300427317619324, 0.16780734062194824, 5.864500045776367]
1, [0.5249665975570679, -0.745097815990448, 5.565500259399414]
2, [0.6223797798156738, -0.7365202307701111, 5.499000072479248]
6, [0.2959895730018616, -0.44804465770721436, 5.794750213623047]
8, [0.5228275656700134, -0.22113586962223053, 5.553500175476074]
9, [0.4595921039581299, 0.16027194261550903, 5.6060004234313965]
10, [0.3267756402492523, 0.6181091070175171, 5.656000137329102]
11, [0.4943482279777527, -0.2221164107322693, 5.578750133514404]
12, [0.6678400039672852, 0.16918878257274628, 5.911500453948975]
16, [0.6006295084953308, -0.920168399810791, 5.5747504234313965]
1, [0.5298129320144653, -0.7147090435028076, 5.618000030517578]
2, [0.6293970346450806, -0.7448243498802185, 5.561000347137451]
3, [0.6993998289108276, -0.4960189461708069, 5.534750461578369]
5, [0.40418943762779236, -0.7348178029060364, 5.778750419616699]
6, [0.33368101716041565, -0.44713619351387024, 5.782500267028809]
7, [0.3049444854259491, -0.2771928608417511, 5.972750186920166]
8, [0.5611411333084106, -0.22173504531383514, 5.567750453948975]
9, [0.4617724120616913, 0.1921059638261795, 5.6322503089904785]
10, [0.32437798380851746, 0.6135738492012024, 5.614500045776367]
11, [0.49328485131263733, -0.22163861989974976, 5.5667500495910645]
12, [0.7113750576972961, 0.1702440232038498, 5.946750164031982]
14, [0.6789185404777527, -0.9344279766082764, 5.6595001220703125]
16, [0.6018657684326172, -0.8849446773529053, 5.587500095367432]
1, [0.5313690304756165, -0.7168081402778625, 5.634500503540039]
2, [0.6978331804275513, -0.702455997467041, 5.517250061035156]
5, [0.4411100149154663, -0.7324849367141724, 5.7597503662109375]
8, [0.6002272367477417, -0.2225453108549118, 5.587250232696533]
9, [0.5006721615791321, 0.19273222982883453, 5.649500370025635]
11, [0.49906688928604126, -0.22423654794692993, 5.63200044631958]
12, [0.7141264081001282, 0.17090247571468353, 5.96975040435791]
2, [0.7041889429092407, -0.7088538408279419, 5.567500114440918]
8, [0.6017312407493591, -0.22310294210910797, 5.601250171661377]
9, [0.5022895336151123, 0.19335483014583588, 5.667750358581543]
11, [0.5015922784805298, -0.22537125647068024, 5.6605000495910645]
12, [0.7175357341766357, 0.17171837389469147, 5.998250484466553]
16, [0.67471843957901, -0.891265332698822, 5.6257500648498535]
2, [0.7026395201683044, -0.7072941660881042, 5.55525016784668]
3, [0.779721736907959, -0.473308801651001, 5.627000331878662]
8, [0.6326454877853394, -0.22309263050556183, 5.600250244140625]
9, [0.5343244075775146, 0.19363604485988617, 5.675000190734863]
10, [0.3560861647129059, 0.5774590969085693, 5.62600040435791]
11, [0.5370668172836304, -0.22715851664543152, 5.704750061035156]
13, [0.7784677743911743, 0.5988355875015259, 6.156750202178955]
16, [0.6822443604469299, -0.9012066125869751, 5.68850040435791]
